5 0.176649 0.429591 0.041233 0.027006
5 0.211010 0.586484 0.043403 0.029578
5 0.329282 0.446952 0.041233 0.030864
5 0.511936 0.403228 0.040509 0.046296
5 0.647931 0.409658 0.037616 0.030864
5 0.777054 0.385867 0.038339 0.039866
6 0.352141 0.555999 0.039207 0.056057
3 0.445385 0.341499 0.279225 0.074588
3 0.630570 0.469457 0.421007 0.093879
3 0.648655 0.578768 0.274884 0.091307
3 0.651910 0.634709 0.281395 0.090021
0 0.743056 0.304205 0.036892 0.038580
0 0.892433 0.376222 0.033275 0.056584
0 0.890263 0.562050 0.037616 0.037294
4 0.213180 0.268197 0.047743 0.108025
4 0.470341 0.618634 0.035446 0.060442
1 0.281901 0.659144 0.050637 0.118313
0 0.084057 0.509324 0.029659 0.063014
0 0.119502 0.643068 0.041233 0.045010
