3 0.122396 0.293274 0.071615 0.086163
3 0.423683 0.342785 0.276331 0.072016
3 0.609592 0.475244 0.419560 0.110597
3 0.475767 0.623778 0.104167 0.150463
3 0.625868 0.587127 0.271267 0.090021
5 0.056207 0.374293 0.043403 0.050154
5 0.151693 0.417374 0.041956 0.030864
5 0.168330 0.580697 0.021701 0.069444
5 0.306496 0.442451 0.041956 0.029578
5 0.625506 0.416088 0.040509 0.036008
5 0.755353 0.400656 0.039786 0.036008
0 0.059100 0.493891 0.030382 0.052726
0 0.092737 0.628922 0.039786 0.045010
0 0.721354 0.317065 0.038339 0.038580
0 0.870732 0.395512 0.033275 0.054012
0 0.866030 0.584555 0.036892 0.038580
4 0.194010 0.255980 0.049913 0.101595
4 0.488788 0.443094 0.030382 0.059156
6 0.324219 0.551762 0.036892 0.060442
1 0.253328 0.648855 0.052807 0.118313
