5 0.068866 0.389725 0.032552 0.073302
5 0.184606 0.373650 0.041233 0.028292
5 0.172671 0.571695 0.018808 0.069444
5 0.309389 0.433449 0.040509 0.027006
5 0.628762 0.418017 0.039786 0.032150
5 0.760055 0.404514 0.039062 0.033436
0 0.043186 0.583269 0.030382 0.054012
0 0.098886 0.612847 0.039062 0.041152
0 0.727503 0.319637 0.034722 0.036008
0 0.875796 0.406443 0.031829 0.052726
0 0.870732 0.589056 0.037616 0.034722
3 0.129268 0.283629 0.070891 0.087449
3 0.428024 0.335712 0.279225 0.063014
3 0.613932 0.477173 0.421007 0.114455
3 0.629485 0.584555 0.277054 0.102881
3 0.477937 0.619920 0.104167 0.158179
4 0.198351 0.250836 0.051360 0.109311
4 0.492766 0.439236 0.028212 0.059156
6 0.328559 0.544689 0.038339 0.061728
1 0.256583 0.641782 0.057870 0.119599
