5 0.043186 0.446309 0.020255 0.073302
5 0.185692 0.375579 0.039062 0.032150
5 0.173756 0.573624 0.016638 0.070730
5 0.311921 0.434735 0.041233 0.029578
5 0.630208 0.420589 0.042679 0.032150
5 0.762225 0.402585 0.037616 0.034722
0 0.045718 0.587127 0.031105 0.056584
0 0.099609 0.616705 0.039062 0.041152
0 0.727503 0.321566 0.036169 0.037294
0 0.878689 0.405157 0.033275 0.050154
0 0.873264 0.590985 0.035446 0.036008
1 0.257668 0.639210 0.057147 0.117027
3 0.128545 0.287487 0.075231 0.095165
3 0.432726 0.337641 0.282841 0.059156
3 0.615017 0.475244 0.421730 0.118313
3 0.480107 0.623778 0.105613 0.150463
3 0.630932 0.594200 0.274161 0.086163
4 0.201244 0.251479 0.048466 0.102881
4 0.495298 0.442451 0.028935 0.057870
6 0.328921 0.545975 0.039062 0.064300
