6 0.329644 0.546618 0.037616 0.055298
3 0.129268 0.286844 0.072338 0.086163
3 0.430556 0.340213 0.278501 0.059156
3 0.613209 0.476530 0.421007 0.118313
3 0.481916 0.619277 0.104890 0.149177
3 0.630208 0.585841 0.277054 0.092593
5 0.043547 0.442451 0.022425 0.075874
5 0.188585 0.374936 0.036169 0.025720
5 0.174479 0.572338 0.019531 0.075874
5 0.630570 0.418660 0.040509 0.028292
5 0.762948 0.402585 0.040509 0.037294
5 0.312104 0.436544 0.037616 0.028292
0 0.046152 0.588284 0.029659 0.055298
0 0.101056 0.615419 0.039063 0.041152
0 0.727865 0.323495 0.035446 0.038580
0 0.877242 0.403228 0.031829 0.054012
0 0.873626 0.590985 0.034722 0.038580
1 0.258030 0.641139 0.056424 0.115741
4 0.198712 0.252765 0.050637 0.102881
4 0.565561 0.469457 0.029659 0.047582
