4 0.200159 0.249550 0.049190 0.104167
4 0.564381 0.491319 0.029659 0.060442
0 0.046079 0.585841 0.030382 0.059156
0 0.103950 0.613490 0.046296 0.039866
0 0.726780 0.320923 0.037616 0.038580
0 0.879051 0.403871 0.031105 0.047582
0 0.875072 0.589056 0.040509 0.037294
5 0.043186 0.439879 0.023148 0.075874
5 0.186777 0.374293 0.041233 0.027006
5 0.173394 0.572338 0.017361 0.073302
5 0.311710 0.432634 0.041233 0.027006
5 0.630570 0.418017 0.036169 0.024434
5 0.762225 0.401942 0.036169 0.033436
3 0.130715 0.284915 0.073785 0.087449
3 0.574146 0.302919 0.276331 0.066872
3 0.673973 0.472672 0.393519 0.205761
3 0.478299 0.620563 0.104890 0.154321
3 0.634910 0.585198 0.287905 0.088735
6 0.327112 0.543403 0.038339 0.056584
1 0.258030 0.641139 0.053530 0.115741
