5 0.043186 0.445023 0.021701 0.070730
5 0.281178 0.412230 0.039062 0.025720
5 0.382812 0.373650 0.039786 0.028292
5 0.434534 0.452748 0.044850 0.030864
5 0.631293 0.422518 0.040509 0.030864
5 0.761863 0.407086 0.032552 0.041152
0 0.044271 0.587770 0.029659 0.055298
0 0.098524 0.617348 0.044126 0.039866
0 0.727141 0.324138 0.036892 0.039866
0 0.876881 0.405157 0.033999 0.052726
0 0.873626 0.590985 0.039062 0.038580
3 0.153139 0.360790 0.039062 0.149177
3 0.477937 0.624421 0.102720 0.156893
3 0.637442 0.586484 0.285735 0.093879
3 0.673611 0.477816 0.395689 0.205761
1 0.139757 0.538259 0.078848 0.069444
6 0.263817 0.553691 0.039062 0.056584
4 0.182449 0.346343 0.058569 0.079131
4 0.564019 0.493891 0.033275 0.055298
