0 0.044994 0.587770 0.031105 0.055298
0 0.101056 0.616705 0.036169 0.038580
0 0.728588 0.324781 0.035446 0.033436
0 0.877604 0.409015 0.032552 0.050154
0 0.875434 0.592914 0.036892 0.034722
3 0.152416 0.364005 0.036169 0.150463
3 0.481192 0.625064 0.103443 0.147891
3 0.637080 0.596129 0.283565 0.090021
3 0.672164 0.481674 0.394242 0.200617
5 0.042462 0.448238 0.024595 0.074588
5 0.280093 0.412230 0.041233 0.030864
5 0.383898 0.370435 0.036169 0.029578
5 0.551722 0.373650 0.036169 0.033436
5 0.763672 0.409658 0.034722 0.038580
1 0.140119 0.538259 0.078125 0.064300
6 0.264183 0.552422 0.040509 0.061728
5 0.391493 0.637924 0.029659 0.060442
4 0.182798 0.342142 0.054977 0.073302
4 0.405961 0.476530 0.036892 0.048868
