5 0.047526 0.470743 0.021701 0.073302
5 0.254413 0.377508 0.043403 0.033436
5 0.281901 0.441808 0.039062 0.028292
5 0.393663 0.649498 0.031105 0.060442
5 0.552445 0.381366 0.037616 0.038580
5 0.762225 0.405800 0.037616 0.043724
0 0.046803 0.621849 0.030382 0.051440
0 0.102021 0.644569 0.034722 0.041152
0 0.725333 0.320923 0.034722 0.041152
0 0.877604 0.397441 0.032552 0.047582
0 0.878328 0.582626 0.036892 0.039866
3 0.150969 0.389082 0.039062 0.149177
3 0.674334 0.486818 0.397135 0.192901
3 0.637804 0.592914 0.289352 0.093879
3 0.481554 0.634066 0.104167 0.142747
4 0.069227 0.421232 0.065104 0.069444
4 0.405599 0.488104 0.033275 0.056584
1 0.142289 0.569123 0.082465 0.074588
6 0.264902 0.571695 0.039786 0.054012
