5 0.047526 0.467528 0.021701 0.072016
5 0.255859 0.376865 0.040509 0.029578
5 0.282263 0.438593 0.041233 0.034722
5 0.352431 0.475887 0.026765 0.065586
5 0.552083 0.383295 0.039786 0.037294
5 0.762948 0.407729 0.036169 0.042438
0 0.044994 0.616705 0.031105 0.064300
0 0.102503 0.643068 0.037616 0.045010
0 0.726780 0.324781 0.033275 0.041152
0 0.878689 0.401299 0.036169 0.057870
0 0.877966 0.588413 0.037616 0.038580
4 0.070312 0.417374 0.065828 0.074588
4 0.361473 0.694509 0.034722 0.060442
1 0.141565 0.569123 0.076678 0.072016
6 0.265263 0.571695 0.039062 0.056584
3 0.152778 0.383938 0.039786 0.141461
3 0.673973 0.489390 0.397859 0.200617
3 0.637804 0.597415 0.290799 0.087449
3 0.482639 0.635352 0.104890 0.150463
