5 0.048611 0.472029 0.019531 0.081019
5 0.255136 0.380080 0.039062 0.028292
5 0.280816 0.443094 0.038339 0.030864
5 0.569083 0.392940 0.040509 0.054012
5 0.662037 0.441808 0.039786 0.043724
5 0.764395 0.408372 0.037616 0.036008
3 0.153863 0.386510 0.041956 0.146605
3 0.483724 0.637924 0.109954 0.153035
3 0.632378 0.652713 0.291522 0.133745
3 0.674696 0.490033 0.397859 0.191615
0 0.086174 0.607397 0.042573 0.032823
0 0.368707 0.403228 0.027488 0.059156
0 0.378111 0.628922 0.031829 0.039866
0 0.881583 0.407729 0.028935 0.047582
0 0.879774 0.590342 0.035446 0.034722
1 0.136140 0.562693 0.083189 0.069444
6 0.266348 0.576839 0.039786 0.054012
4 0.652748 0.234992 0.052577 0.086987
4 0.424045 0.488104 0.036892 0.046296
