4 0.059823 0.326067 0.072338 0.077160
4 0.420428 0.478459 0.036892 0.047582
0 0.082610 0.588413 0.038339 0.033436
0 0.371962 0.618634 0.029659 0.039866
0 0.366175 0.389082 0.023872 0.054012
0 0.874711 0.402585 0.033999 0.047582
0 0.871817 0.585841 0.035446 0.041152
5 0.043909 0.459169 0.021701 0.073302
5 0.254051 0.368506 0.039786 0.033436
5 0.277561 0.431520 0.040509 0.030864
5 0.566551 0.385867 0.038339 0.055298
5 0.659505 0.432163 0.040509 0.039866
5 0.759332 0.405157 0.041956 0.042438
3 0.149161 0.373007 0.044126 0.150463
3 0.479022 0.629565 0.104890 0.151749
3 0.626230 0.643068 0.287905 0.132459
3 0.671803 0.481674 0.396412 0.200617
1 0.131800 0.533758 0.083189 0.078447
6 0.199797 0.586484 0.045573 0.060442
6 0.283348 0.582626 0.030382 0.057870
