3 0.149161 0.374936 0.035446 0.149177
3 0.476490 0.633423 0.104167 0.149177
3 0.626230 0.648212 0.290799 0.137603
3 0.671803 0.484246 0.393519 0.195473
0 0.081163 0.588413 0.036892 0.038580
0 0.374132 0.619920 0.031105 0.032150
0 0.365813 0.387153 0.023148 0.063014
0 0.876519 0.403871 0.030382 0.039866
0 0.874349 0.585841 0.036169 0.041152
5 0.044994 0.458526 0.022425 0.072016
5 0.250434 0.369792 0.036892 0.033436
5 0.277561 0.428305 0.039062 0.029578
5 0.639612 0.470743 0.036892 0.055298
5 0.705802 0.342142 0.037616 0.042438
5 0.760417 0.401942 0.036892 0.043724
1 0.131076 0.534401 0.084635 0.077160
4 0.060909 0.327996 0.073061 0.083591
4 0.420067 0.473958 0.036169 0.048868
6 0.200159 0.583912 0.044850 0.063014
6 0.285518 0.581340 0.034722 0.060442
