6 0.272135 0.620563 0.045573 0.061728
6 0.412109 0.398727 0.028935 0.057870
1 0.134332 0.515111 0.082465 0.100309
0 0.083695 0.587127 0.043403 0.036008
0 0.374494 0.629565 0.037616 0.038580
0 0.366898 0.391654 0.025318 0.054012
0 0.877966 0.401942 0.030382 0.051440
0 0.874349 0.585198 0.033275 0.042438
4 0.061270 0.327353 0.070891 0.087449
4 0.547743 0.371721 0.031105 0.065586
3 0.150246 0.376865 0.039062 0.147891
3 0.480830 0.634066 0.104167 0.147891
3 0.629847 0.592271 0.295139 0.043724
3 0.673249 0.481674 0.396412 0.190329
5 0.045718 0.456597 0.022425 0.075874
5 0.254051 0.371078 0.036892 0.033436
5 0.279008 0.432806 0.040509 0.033436
5 0.639974 0.472029 0.036169 0.057870
5 0.707972 0.344072 0.033275 0.043724
5 0.762587 0.406443 0.041233 0.034722
