5 0.041016 0.470100 0.021701 0.074588
5 0.248264 0.466885 0.025318 0.070730
5 0.301071 0.462384 0.019531 0.077160
5 0.637804 0.492605 0.036169 0.055298
5 0.705440 0.358861 0.036892 0.039866
5 0.758247 0.421232 0.041233 0.036008
0 0.080078 0.599344 0.044850 0.039866
0 0.205580 0.625698 0.024595 0.055298
0 0.395833 0.605774 0.023872 0.068158
0 0.871817 0.427019 0.029659 0.047582
0 0.871455 0.608346 0.037616 0.039866
1 0.163267 0.360790 0.078125 0.113169
3 0.145544 0.391654 0.039786 0.149177
3 0.476128 0.646926 0.106337 0.147891
3 0.626591 0.610918 0.297309 0.050154
3 0.669271 0.496347 0.400029 0.196759
6 0.408492 0.416731 0.028935 0.060442
6 0.267072 0.626350 0.041233 0.050154
4 0.056930 0.342142 0.072338 0.078447
4 0.545211 0.391654 0.028935 0.059156
