4 0.065972 0.331211 0.070168 0.082305
4 0.552083 0.379437 0.031105 0.057870
3 0.154586 0.384581 0.037616 0.150463
3 0.483362 0.645640 0.104890 0.150463
3 0.633825 0.607703 0.292969 0.051440
3 0.618634 0.316422 0.275608 0.050154
0 0.199436 0.314493 0.033275 0.041152
0 0.212457 0.618634 0.021701 0.055298
0 0.401620 0.601273 0.020978 0.061728
0 0.880859 0.423804 0.036169 0.051440
0 0.877966 0.611561 0.034722 0.043724
5 0.047888 0.464313 0.019531 0.081019
5 0.254774 0.457883 0.023872 0.070730
5 0.310113 0.457240 0.020255 0.079733
5 0.643953 0.491319 0.041233 0.057870
5 0.710865 0.360790 0.037616 0.043724
5 0.766565 0.422518 0.039062 0.041152
6 0.275029 0.623135 0.042679 0.054012
6 0.415365 0.412873 0.028212 0.057870
1 0.116247 0.588413 0.085359 0.082305
