0 0.199436 0.314493 0.033275 0.048868
0 0.390046 0.408372 0.031105 0.051440
0 0.486979 0.425090 0.029659 0.046296
0 0.877242 0.608346 0.039062 0.037294
0 0.905093 0.387153 0.031105 0.055298
1 0.116247 0.589056 0.086806 0.091307
4 0.065249 0.332497 0.067274 0.079733
4 0.554253 0.376865 0.029659 0.057870
3 0.154948 0.377508 0.039786 0.149177
3 0.482277 0.643068 0.102720 0.147891
3 0.634910 0.605774 0.292245 0.052726
3 0.618634 0.313850 0.277054 0.063014
6 0.277199 0.616062 0.039786 0.052726
6 0.426939 0.322209 0.031105 0.056584
5 0.048973 0.463027 0.020255 0.073302
5 0.255859 0.456597 0.021701 0.068158
5 0.307943 0.456597 0.018808 0.065586
5 0.646123 0.487461 0.038339 0.057870
5 0.710142 0.353074 0.039062 0.036008
5 0.813947 0.550476 0.045573 0.032150
