5 0.052228 0.461741 0.019531 0.075874
5 0.261285 0.457883 0.023872 0.070730
5 0.312645 0.458526 0.019531 0.069444
5 0.648293 0.493248 0.036892 0.051440
5 0.715567 0.355646 0.036892 0.038580
5 0.818287 0.554977 0.041233 0.036008
3 0.159288 0.381366 0.036892 0.154321
3 0.622251 0.317065 0.278501 0.061728
3 0.485894 0.643711 0.105613 0.151749
3 0.637804 0.608346 0.292245 0.047582
0 0.201968 0.314493 0.029659 0.043724
0 0.396195 0.597415 0.023148 0.059156
0 0.489149 0.428305 0.031105 0.042438
0 0.883030 0.614133 0.036169 0.041152
0 0.910880 0.389725 0.032552 0.055298
1 0.121672 0.588413 0.087529 0.087449
4 0.071398 0.330568 0.072338 0.078447
4 0.557870 0.380080 0.031105 0.061728
6 0.430556 0.325424 0.031105 0.052726
6 0.280840 0.617249 0.039834 0.047385
