0 0.204861 0.318351 0.033999 0.038580
0 0.398003 0.599987 0.020978 0.051440
0 0.490958 0.432806 0.033275 0.041152
0 0.887008 0.614776 0.035446 0.039866
0 0.911241 0.398084 0.033275 0.056584
1 0.155671 0.605774 0.088976 0.065586
4 0.063802 0.514468 0.070168 0.068158
4 0.561487 0.382652 0.029659 0.061728
5 0.053313 0.452096 0.020255 0.056584
5 0.261646 0.461098 0.024595 0.072016
5 0.314815 0.457883 0.019531 0.070730
5 0.650463 0.498392 0.036892 0.054012
5 0.718822 0.361433 0.041956 0.034722
5 0.821181 0.560764 0.041233 0.029578
3 0.159288 0.380080 0.039786 0.151749
3 0.487341 0.649498 0.105613 0.153035
3 0.638889 0.614133 0.291522 0.056584
3 0.624421 0.318994 0.274161 0.057870
6 0.432726 0.326067 0.029659 0.054012
6 0.314091 0.671361 0.036892 0.068158
