5 0.158043 0.592782 0.029457 0.064891 0.166961 0.554884 2 0.189642 0.629928 2 0.000000 0.000000 0
5 0.273630 0.586521 0.028817 0.054645 0.279738 0.533602 2 0.302419 0.631048 2 0.000000 0.000000 0
5 0.423476 0.582536 0.027536 0.060337 0.418347 0.534722 2 0.458669 0.635529 2 0.000000 0.000000 0
5 0.602779 0.595059 0.036501 0.030738 0.570186 0.586246 2 0.627520 0.589606 2 0.000000 0.000000 0
5 0.758069 0.588798 0.033299 0.056922 0.724546 0.563844 2 0.771169 0.637769 2 0.000000 0.000000 0
5 0.221119 0.771516 0.036501 0.058060 0.212324 0.708333 2 0.262727 0.811380 2 0.000000 0.000000 0
5 0.411949 0.776639 0.039063 0.034153 0.384325 0.763217 2 0.442918 0.788978 2 0.000000 0.000000 0
5 0.500961 0.674750 0.033940 0.046676 0.486391 0.636649 2 0.531124 0.713934 2 0.000000 0.000000 0
5 0.588051 0.780624 0.028817 0.069444 0.588458 0.739695 2 0.605469 0.821461 2 0.000000 0.000000 0
5 0.816983 0.774932 0.042264 0.028461 0.768649 0.769937 2 0.839844 0.771057 2 0.000000 0.000000 0
