5 0.199799 0.489677 0.031144 0.056306 0.204133 0.457437 2 0.229096 0.527215 2 0.000000 0.000000 0
5 0.308805 0.475601 0.029561 0.050676 0.312500 0.432796 2 0.337838 0.523461 2 0.000000 0.000000 0
5 0.386138 0.534253 0.025866 0.055368 0.381174 0.500000 2 0.406989 0.595721 2 0.000000 0.000000 0
5 0.457929 0.469501 0.030089 0.051614 0.448589 0.428315 2 0.490393 0.519707 2 0.000000 0.000000 0
5 0.629751 0.476070 0.035895 0.027215 0.598538 0.468638 2 0.654033 0.469970 2 0.000000 0.000000 0
5 0.781514 0.463870 0.035367 0.049737 0.747858 0.446237 2 0.794975 0.512200 2 0.000000 0.000000 0
5 0.264728 0.654373 0.032200 0.053491 0.252646 0.599686 2 0.304087 0.699786 2 0.000000 0.000000 0
5 0.463471 0.700826 0.040118 0.033784 0.435358 0.668011 2 0.490385 0.695513 2 0.000000 0.000000 0
5 0.519954 0.633258 0.038007 0.037538 0.504662 0.614247 2 0.551082 0.666667 2 0.000000 0.000000 0
5 0.689400 0.648742 0.034840 0.057245 0.676033 0.612007 2 0.709435 0.666132 2 0.000000 0.000000 0
5 0.841955 0.636543 0.040118 0.025338 0.792591 0.640009 2 0.862680 0.636218 2 0.000000 0.000000 0
