5 0.132161 0.499263 0.017164 0.062079 0.156250 0.463038 2 0.148748 0.557760 2 0.000000 0.000000 0
5 0.302320 0.518203 0.036695 0.051557 0.294229 0.460797 2 0.344680 0.555556 2 0.000000 0.000000 0
5 0.421875 0.523464 0.017756 0.068392 0.443548 0.485439 2 0.444506 0.558862 2 0.000000 0.000000 0
5 0.669567 0.494529 0.026634 0.065236 0.662172 0.463038 2 0.681362 0.557760 2 0.000000 0.000000 0
5 0.795632 0.506629 0.034920 0.057870 0.759829 0.461918 2 0.808470 0.557760 2 0.000000 0.000000 0
5 0.083925 0.685501 0.018939 0.072601 0.115297 0.632168 2 0.105965 0.739638 2 0.000000 0.000000 0
5 0.340495 0.690236 0.015980 0.067340 0.341482 0.659050 2 0.340340 0.740741 2 0.000000 0.000000 0
5 0.425722 0.744949 0.040838 0.033670 0.398816 0.709453 2 0.456287 0.737434 2 0.000000 0.000000 0
5 0.578717 0.687605 0.026042 0.062079 0.572077 0.656810 2 0.588976 0.735229 2 0.000000 0.000000 0
5 0.689394 0.679188 0.026042 0.070497 0.672253 0.631048 2 0.691902 0.737434 2 0.000000 0.000000 0
5 0.766039 0.674979 0.030185 0.064184 0.744708 0.634409 2 0.780568 0.735229 2 0.000000 0.000000 0
