5 0.176551 0.472433 0.014796 0.058923 0.198463 0.437276 2 0.188430 0.532407 2 0.000000 0.000000 0
5 0.368016 0.481902 0.036695 0.025253 0.345262 0.488799 2 0.402344 0.490520 2 0.000000 0.000000 0
5 0.496153 0.505051 0.038471 0.035774 0.468750 0.495520 2 0.524492 0.492725 2 0.000000 0.000000 0
5 0.668383 0.506103 0.039654 0.033670 0.635711 0.497760 2 0.685082 0.492725 2 0.000000 0.000000 0
5 0.769590 0.482428 0.024266 0.057870 0.756678 0.456317 2 0.763827 0.547840 2 0.000000 0.000000 0
5 0.149917 0.686027 0.043205 0.029461 0.136089 0.656810 2 0.195250 0.659171 2 0.000000 0.000000 0
5 0.259411 0.677609 0.044389 0.031566 0.224924 0.660170 2 0.308718 0.663580 2 0.000000 0.000000 0
5 0.382221 0.669718 0.016572 0.064184 0.381174 0.636649 2 0.380642 0.717593 2 0.000000 0.000000 0
5 0.532552 0.638678 0.039062 0.027357 0.497732 0.642249 2 0.549293 0.641534 2 0.000000 0.000000 0
5 0.694129 0.688657 0.028409 0.059975 0.682964 0.647849 2 0.714224 0.726411 2 0.000000 0.000000 0
5 0.922881 0.667088 0.037287 0.027357 0.871346 0.653450 2 0.936198 0.666887 2 0.000000 0.000000 0
