5 0.125059 0.476115 0.024266 0.059975 0.136719 0.457437 2 0.141059 0.552566 2 0.000000 0.000000 0
5 0.257635 0.506103 0.033736 0.042088 0.257686 0.482079 2 0.293511 0.556424 2 0.000000 0.000000 0
5 0.462121 0.522938 0.036695 0.037879 0.437248 0.512321 2 0.492079 0.510127 2 0.000000 0.000000 0
5 0.633168 0.522938 0.036695 0.027357 0.602319 0.516801 2 0.649414 0.512056 2 0.000000 0.000000 0
5 0.820786 0.517151 0.030777 0.059975 0.781880 0.469758 2 0.828451 0.569927 2 0.000000 0.000000 0
5 0.210582 0.682870 0.024858 0.065236 0.219254 0.627688 2 0.242513 0.736786 2 0.000000 0.000000 0
5 0.352332 0.680240 0.027817 0.068392 0.349042 0.632168 2 0.374349 0.736786 2 0.000000 0.000000 0
5 0.566880 0.747580 0.040246 0.034722 0.548765 0.739695 2 0.592990 0.739680 2 0.000000 0.000000 0
5 0.658617 0.705492 0.029593 0.066288 0.650202 0.662410 2 0.684136 0.745467 2 0.000000 0.000000 0
5 0.803326 0.706019 0.032552 0.052609 0.752898 0.666891 2 0.814887 0.748360 2 0.000000 0.000000 0
5 0.889145 0.685501 0.036103 0.026305 0.838584 0.669131 2 0.902235 0.685667 2 0.000000 0.000000 0
