5 0.175959 0.349853 0.023082 0.055766 0.176411 0.323029 2 0.202908 0.410783 2 0.000000 0.000000 0
5 0.265625 0.336174 0.016572 0.059975 0.270917 0.318548 2 0.283746 0.406925 2 0.000000 0.000000 0
5 0.365057 0.367214 0.023674 0.052609 0.364793 0.333109 2 0.391168 0.404032 2 0.000000 0.000000 0
5 0.506806 0.353009 0.034920 0.026305 0.483871 0.352151 2 0.538194 0.350019 2 0.000000 0.000000 0
5 0.676669 0.353535 0.036103 0.044192 0.657132 0.321909 2 0.700955 0.385706 2 0.000000 0.000000 0
5 0.799479 0.327757 0.031960 0.059975 0.761089 0.296147 2 0.807834 0.384742 2 0.000000 0.000000 0
5 0.177438 0.510311 0.031960 0.052609 0.185232 0.482079 2 0.207248 0.551601 2 0.000000 0.000000 0
5 0.285452 0.539773 0.030185 0.052609 0.279738 0.501120 2 0.319010 0.570891 2 0.000000 0.000000 0
5 0.445845 0.506629 0.030185 0.057870 0.443548 0.491039 2 0.474718 0.540992 2 0.000000 0.000000 0
5 0.783795 0.502946 0.036103 0.048401 0.735257 0.480959 2 0.796984 0.547743 2 0.000000 0.000000 0
5 0.865471 0.478220 0.037287 0.028409 0.818422 0.473118 2 0.882161 0.478299 2 0.000000 0.000000 0
