5 0.126539 0.350905 0.031960 0.045244 0.138609 0.330869 2 0.173549 0.394841 2 0.000000 0.000000 0
5 0.265921 0.320918 0.017164 0.058923 0.270917 0.306228 2 0.281808 0.393849 2 0.000000 0.000000 0
5 0.382812 0.351431 0.034328 0.027357 0.364163 0.347670 2 0.417411 0.347222 2 0.000000 0.000000 0
5 0.522491 0.345644 0.035511 0.036827 0.495842 0.347670 2 0.550223 0.366071 2 0.000000 0.000000 0
5 0.654474 0.333018 0.033144 0.047348 0.626260 0.296147 2 0.685268 0.367063 2 0.000000 0.000000 0
5 0.175663 0.494003 0.030777 0.053662 0.182712 0.463038 2 0.204241 0.534722 2 0.000000 0.000000 0
5 0.294330 0.514520 0.033736 0.044192 0.279108 0.465278 2 0.330915 0.533730 2 0.000000 0.000000 0
5 0.453835 0.472433 0.033144 0.052609 0.414567 0.484319 2 0.468750 0.531746 2 0.000000 0.000000 0
5 0.573390 0.498211 0.033144 0.053662 0.553175 0.459677 2 0.596540 0.528770 2 0.000000 0.000000 0
5 0.780836 0.501368 0.037287 0.053662 0.732107 0.480959 2 0.792411 0.552579 2 0.000000 0.000000 0
5 0.861624 0.480850 0.037879 0.029461 0.815272 0.477599 2 0.882254 0.478175 2 0.000000 0.000000 0
