5 0.199041 0.348801 0.030185 0.049453 0.203503 0.333109 2 0.240513 0.401786 2 0.000000 0.000000 0
5 0.381629 0.354061 0.034328 0.032618 0.362903 0.353271 2 0.416853 0.352183 2 0.000000 0.000000 0
5 0.520715 0.353009 0.034328 0.034722 0.496472 0.348790 2 0.551339 0.371032 2 0.000000 0.000000 0
5 0.654474 0.336174 0.035511 0.043140 0.625000 0.298387 2 0.684710 0.369048 2 0.000000 0.000000 0
5 0.791193 0.349327 0.040246 0.037879 0.748488 0.343190 2 0.809710 0.366071 2 0.000000 0.000000 0
5 0.175663 0.504524 0.028409 0.057870 0.182712 0.474238 2 0.203683 0.542659 2 0.000000 0.000000 0
5 0.295514 0.521359 0.034920 0.043140 0.278478 0.471998 2 0.332031 0.540675 2 0.000000 0.000000 0
5 0.442590 0.505577 0.031960 0.045244 0.431578 0.492159 2 0.471540 0.535714 2 0.000000 0.000000 0
5 0.630208 0.500316 0.033144 0.051557 0.606099 0.459677 2 0.652902 0.531746 2 0.000000 0.000000 0
5 0.781132 0.508207 0.036695 0.052609 0.733367 0.484319 2 0.794085 0.553571 2 0.000000 0.000000 0
5 0.863696 0.482955 0.036103 0.029461 0.816532 0.480959 2 0.875000 0.482143 2 0.000000 0.000000 0
