5 0.234257 0.368792 0.027225 0.041035 0.229965 0.338710 2 0.265067 0.406746 2 0.000000 0.000000 0
5 0.321851 0.351957 0.024858 0.055766 0.311240 0.318548 2 0.348772 0.404762 2 0.000000 0.000000 0
5 0.436080 0.355114 0.035511 0.041035 0.415827 0.337590 2 0.468192 0.379960 2 0.000000 0.000000 0
5 0.560073 0.363531 0.027817 0.049453 0.535534 0.334229 2 0.577009 0.401786 2 0.000000 0.000000 0
5 0.656250 0.340909 0.035511 0.039983 0.626890 0.311828 2 0.684152 0.377976 2 0.000000 0.000000 0
5 0.781132 0.371423 0.029593 0.050505 0.748488 0.331989 2 0.808036 0.401786 2 0.000000 0.000000 0
5 0.273615 0.528725 0.030185 0.055766 0.275328 0.498880 2 0.301339 0.572421 2 0.000000 0.000000 0
5 0.406487 0.511364 0.034328 0.039983 0.399446 0.494400 2 0.441406 0.517857 2 0.000000 0.000000 0
5 0.542318 0.560816 0.037287 0.031566 0.497102 0.543683 2 0.568080 0.543651 2 0.000000 0.000000 0
5 0.678445 0.540299 0.040838 0.041035 0.648942 0.493280 2 0.694196 0.565476 2 0.000000 0.000000 0
5 0.862216 0.496107 0.040246 0.030513 0.815902 0.493280 2 0.877790 0.498016 2 0.000000 0.000000 0
