5 0.164418 0.445076 0.020123 0.056818 0.175781 0.381272 2 0.178571 0.520833 2 0.000000 0.000000 0
5 0.236624 0.365636 0.031960 0.043140 0.231855 0.335349 2 0.267857 0.403770 2 0.000000 0.000000 0
5 0.321555 0.348274 0.027817 0.056818 0.324471 0.333109 2 0.349888 0.400794 2 0.000000 0.000000 0
5 0.441406 0.430871 0.022491 0.059975 0.444178 0.399194 2 0.457589 0.491071 2 0.000000 0.000000 0
5 0.561849 0.359848 0.030185 0.052609 0.537424 0.329749 2 0.579799 0.399802 2 0.000000 0.000000 0
5 0.657138 0.334596 0.039654 0.039983 0.627520 0.306228 2 0.686384 0.372024 2 0.000000 0.000000 0
5 0.781132 0.363005 0.031960 0.052609 0.749118 0.328629 2 0.808594 0.394841 2 0.000000 0.000000 0
5 0.275982 0.526094 0.033736 0.048401 0.277218 0.496640 2 0.303571 0.566468 2 0.000000 0.000000 0
5 0.543797 0.557134 0.036695 0.028409 0.498992 0.538082 2 0.570312 0.536706 2 0.000000 0.000000 0
5 0.681108 0.534512 0.041430 0.042088 0.650832 0.486559 2 0.697545 0.562500 2 0.000000 0.000000 0
5 0.865471 0.485585 0.038471 0.026305 0.815902 0.484319 2 0.877790 0.486111 2 0.000000 0.000000 0
