5 0.162346 0.446128 0.019531 0.058923 0.173261 0.382392 2 0.178571 0.522817 2 0.000000 0.000000 0
5 0.237216 0.365109 0.030777 0.044192 0.231855 0.335349 2 0.269531 0.402778 2 0.000000 0.000000 0
5 0.321259 0.347748 0.027225 0.055766 0.325101 0.335349 2 0.348772 0.399802 2 0.000000 0.000000 0
5 0.439927 0.429293 0.018348 0.058923 0.444808 0.399194 2 0.457589 0.491071 2 0.000000 0.000000 0
5 0.561257 0.359322 0.029001 0.053662 0.537424 0.329749 2 0.578125 0.397817 2 0.000000 0.000000 0
5 0.782019 0.364583 0.029001 0.053662 0.747858 0.327509 2 0.807478 0.391865 2 0.000000 0.000000 0
5 0.275982 0.526620 0.030185 0.055766 0.277848 0.494400 2 0.302455 0.566468 2 0.000000 0.000000 0
5 0.339607 0.513468 0.028409 0.054714 0.335181 0.469758 2 0.373326 0.564484 2 0.000000 0.000000 0
5 0.542022 0.555556 0.036695 0.025253 0.499622 0.536962 2 0.570871 0.536706 2 0.000000 0.000000 0
5 0.680812 0.533986 0.039654 0.043140 0.649572 0.487679 2 0.695871 0.560516 2 0.000000 0.000000 0
5 0.863400 0.489794 0.039062 0.026305 0.816532 0.487679 2 0.878348 0.488095 2 0.000000 0.000000 0
