5 0.176649 0.429591 0.041233 0.027006 0.149523 0.432806 2 0.216073 0.430234 2 0.000000 0.000000 0
5 0.211010 0.586484 0.043403 0.029578 0.180628 0.562693 2 0.254818 0.558565 2 0.000000 0.000000 0
5 0.329282 0.446952 0.041233 0.030864 0.284071 0.430234 2 0.370153 0.423804 2 0.000000 0.000000 0
5 0.511936 0.403228 0.040509 0.046296 0.480830 0.369792 2 0.542318 0.414802 2 0.000000 0.000000 0
5 0.647931 0.409658 0.037616 0.030864 0.608145 0.382652 2 0.666739 0.381366 2 0.000000 0.000000 0
5 0.777054 0.385867 0.038339 0.039866 0.734737 0.377508 2 0.798394 0.378794 2 0.000000 0.000000 0
6 0.352141 0.555999 0.039207 0.056057 0.386068 0.525399 2 0.383898 0.575553 2 0.384766 0.629398 2
3 0.445385 0.341499 0.279225 0.074588 0.299986 0.400656 2 0.596571 0.340213 2 0.000000 0.000000 0
3 0.630570 0.469457 0.421007 0.093879 0.413556 0.423804 2 0.846137 0.499678 2 0.000000 0.000000 0
3 0.648655 0.578768 0.274884 0.091307 0.504702 0.539545 2 0.790437 0.527971 2 0.000000 0.000000 0
3 0.651910 0.634709 0.281395 0.090021 0.502532 0.592271 2 0.791884 0.576839 2 0.000000 0.000000 0
0 0.743056 0.304205 0.036892 0.038580 0.705078 0.333783 2 0.746311 0.329925 2 0.000000 0.000000 0
0 0.892433 0.376222 0.033275 0.056584 0.859158 0.349216 2 0.907624 0.392940 2 0.000000 0.000000 0
0 0.890263 0.562050 0.037616 0.037294 0.845414 0.545975 2 0.908348 0.566551 2 0.000000 0.000000 0
4 0.213180 0.268197 0.047743 0.108025 0.213180 0.355646 2 0.241392 0.355646 2 0.000000 0.000000 0
4 0.470341 0.618634 0.035446 0.060442 0.430917 0.628279 2 0.455512 0.544689 2 0.000000 0.000000 0
1 0.281901 0.659144 0.050637 0.118313 0.283348 0.647569 2 0.326042 0.604398 2 0.000000 0.000000 0
0 0.084057 0.509324 0.029659 0.063014 0.111907 0.463670 2 0.107567 0.540831 2 0.000000 0.000000 0
0 0.119502 0.643068 0.041233 0.045010 0.106120 0.617991 2 0.151693 0.616705 2 0.000000 0.000000 0
