3 0.122396 0.293274 0.071615 0.086163 0.085865 0.279771 2 0.163990 0.344072 2 0.000000 0.000000 0
3 0.423683 0.342785 0.276331 0.072016 0.276837 0.403228 2 0.574146 0.346644 2 0.000000 0.000000 0
3 0.609592 0.475244 0.419560 0.110597 0.390408 0.423804 2 0.824436 0.521541 2 0.000000 0.000000 0
3 0.475767 0.623778 0.104167 0.150463 0.417896 0.545975 2 0.537254 0.699010 2 0.000000 0.000000 0
3 0.625868 0.587127 0.271267 0.090021 0.476490 0.547261 2 0.763672 0.540831 2 0.000000 0.000000 0
5 0.056207 0.374293 0.043403 0.050154 0.066334 0.351788 2 0.107567 0.400656 2 0.000000 0.000000 0
5 0.151693 0.417374 0.041956 0.030864 0.125651 0.417374 2 0.190755 0.421232 2 0.000000 0.000000 0
5 0.168330 0.580697 0.021701 0.069444 0.201606 0.516397 2 0.214627 0.624421 2 0.000000 0.000000 0
5 0.306496 0.442451 0.041956 0.029578 0.262370 0.419946 2 0.345558 0.421232 2 0.000000 0.000000 0
5 0.625506 0.416088 0.040509 0.036008 0.592231 0.395512 2 0.645761 0.394226 2 0.000000 0.000000 0
5 0.755353 0.400656 0.039786 0.036008 0.714482 0.396798 2 0.776693 0.390368 2 0.000000 0.000000 0
0 0.059100 0.493891 0.030382 0.052726 0.090205 0.448238 2 0.086589 0.525399 2 0.000000 0.000000 0
0 0.092737 0.628922 0.039786 0.045010 0.081525 0.599987 2 0.124928 0.599987 2 0.000000 0.000000 0
0 0.721354 0.317065 0.038339 0.038580 0.686994 0.341499 2 0.726780 0.344072 2 0.000000 0.000000 0
0 0.870732 0.395512 0.033275 0.054012 0.838903 0.364648 2 0.885923 0.418660 2 0.000000 0.000000 0
0 0.866030 0.584555 0.036892 0.038580 0.823712 0.561407 2 0.883030 0.589699 2 0.000000 0.000000 0
4 0.194010 0.255980 0.049913 0.101595 0.192202 0.346644 2 0.221137 0.349216 2 0.000000 0.000000 0
4 0.488788 0.443094 0.030382 0.059156 0.460576 0.394226 2 0.516276 0.394226 2 0.000000 0.000000 0
6 0.324219 0.551762 0.036892 0.060442 0.360026 0.520255 2 0.360749 0.575553 2 0.360026 0.625707 2
1 0.253328 0.648855 0.052807 0.118313 0.252242 0.629565 2 0.300709 0.598701 2 0.000000 0.000000 0
