5 0.068866 0.389725 0.032552 0.073302 0.085142 0.338927 2 0.107567 0.439236 2 0.000000 0.000000 0
5 0.184606 0.373650 0.041233 0.028292 0.162471 0.368056 2 0.000000 0.000000 0 0.000000 0.000000 0
5 0.172671 0.571695 0.018808 0.069444 0.204499 0.515111 2 0.216797 0.614133 2 0.000000 0.000000 0
5 0.309389 0.433449 0.040509 0.027006 0.266870 0.416326 2 0.353516 0.416088 2 0.000000 0.000000 0
5 0.628762 0.418017 0.039786 0.032150 0.591508 0.391654 2 0.650101 0.391654 2 0.000000 0.000000 0
5 0.760055 0.404514 0.039062 0.033436 0.720992 0.396798 2 0.782480 0.399370 2 0.000000 0.000000 0
0 0.043186 0.583269 0.030382 0.054012 0.072844 0.542117 2 0.070115 0.613426 2 0.000000 0.000000 0
0 0.098886 0.612847 0.039062 0.041152 0.082972 0.592271 2 0.227648 0.342785 2 0.000000 0.000000 0
0 0.727503 0.319637 0.034722 0.036008 0.689887 0.346644 2 0.732567 0.345358 2 0.000000 0.000000 0
0 0.875796 0.406443 0.031829 0.052726 0.845414 0.371078 2 0.888093 0.422518 2 0.000000 0.000000 0
0 0.870732 0.589056 0.037616 0.034722 0.828776 0.578125 2 0.889540 0.605131 2 0.000000 0.000000 0
3 0.129268 0.283629 0.070891 0.087449 0.090205 0.268197 2 0.170501 0.335069 2 0.000000 0.000000 0
3 0.428024 0.335712 0.279225 0.063014 0.281178 0.391654 2 0.577763 0.344072 2 0.000000 0.000000 0
3 0.613932 0.477173 0.421007 0.114455 0.394025 0.412230 2 0.824436 0.518969 2 0.000000 0.000000 0
3 0.629485 0.584555 0.277054 0.102881 0.479384 0.542117 2 0.770182 0.557549 2 0.000000 0.000000 0
3 0.477937 0.619920 0.104167 0.158179 0.420790 0.540831 2 0.537254 0.701582 2 0.000000 0.000000 0
4 0.198351 0.250836 0.051360 0.109311 0.199436 0.342785 2 0.226201 0.369792 2 0.000000 0.000000 0
4 0.492766 0.439236 0.028212 0.059156 0.467086 0.392940 2 0.522063 0.392940 2 0.000000 0.000000 0
6 0.328559 0.544689 0.038339 0.061728 0.363643 0.516397 2 0.362196 0.563979 2 0.362196 0.616705 2
1 0.256583 0.641782 0.057870 0.119599 0.256583 0.603845 2 0.306496 0.587127 2 0.000000 0.000000 0
