5 0.043186 0.446309 0.020255 0.073302 0.069951 0.365934 2 0.060667 0.512974 2 0.000000 0.000000 0
5 0.185692 0.375579 0.039062 0.032150 0.166160 0.367220 2 0.226201 0.344072 2 0.000000 0.000000 0
5 0.173756 0.573624 0.016638 0.070730 0.208840 0.512539 2 0.215350 0.619277 2 0.000000 0.000000 0
5 0.311921 0.434735 0.041233 0.029578 0.265987 0.414802 2 0.352390 0.414373 2 0.000000 0.000000 0
5 0.630208 0.420589 0.042679 0.032150 0.593678 0.395512 2 0.651855 0.399089 2 0.000000 0.000000 0
5 0.762225 0.402585 0.037616 0.034722 0.720269 0.392940 2 0.784650 0.395512 2 0.000000 0.000000 0
0 0.045718 0.587127 0.031105 0.056584 0.077908 0.543403 2 0.070674 0.619277 2 0.000000 0.000000 0
0 0.099609 0.616705 0.039062 0.041152 0.084418 0.592271 2 0.131438 0.592271 2 0.000000 0.000000 0
0 0.727503 0.321566 0.036169 0.037294 0.692057 0.346644 2 0.734863 0.343388 2 0.000000 0.000000 0
0 0.878689 0.405157 0.033275 0.050154 0.846137 0.372364 2 0.892433 0.427662 2 0.000000 0.000000 0
0 0.873264 0.590985 0.035446 0.036008 0.830946 0.570409 2 0.891724 0.593678 2 0.000000 0.000000 0
1 0.257668 0.639210 0.057147 0.117027 0.261646 0.610275 2 0.305049 0.592271 2 0.000000 0.000000 0
3 0.128545 0.287487 0.075231 0.095165 0.088035 0.272055 2 0.171947 0.342785 2 0.000000 0.000000 0
3 0.432726 0.337641 0.282841 0.059156 0.284071 0.392940 2 0.579933 0.344072 2 0.000000 0.000000 0
3 0.615017 0.475244 0.421730 0.118313 0.395472 0.413516 2 0.827329 0.527971 2 0.000000 0.000000 0
3 0.480107 0.623778 0.105613 0.150463 0.425130 0.542117 2 0.541594 0.701582 2 0.000000 0.000000 0
3 0.630932 0.594200 0.274161 0.086163 0.480107 0.542117 2 0.769459 0.547261 2 0.000000 0.000000 0
4 0.201244 0.251479 0.048466 0.102881 0.200159 0.341499 2 0.225919 0.367227 2 0.000000 0.000000 0
4 0.495298 0.442451 0.028935 0.057870 0.466363 0.392940 2 0.524957 0.392940 2 0.000000 0.000000 0
6 0.328921 0.545975 0.039062 0.064300 0.366938 0.518111 2 0.365813 0.569123 2 0.360749 0.616705 2
