4 0.200159 0.249550 0.049190 0.104167 0.198712 0.338927 2 0.227648 0.341499 2 0.000000 0.000000 0
4 0.564381 0.491319 0.029659 0.060442 0.538701 0.441808 2 0.595848 0.444380 2 0.000000 0.000000 0
0 0.046079 0.585841 0.030382 0.059156 0.077185 0.534401 2 0.070674 0.617991 2 0.000000 0.000000 0
0 0.103950 0.613490 0.046296 0.039866 0.085142 0.589699 2 0.129991 0.588413 2 0.000000 0.000000 0
0 0.726780 0.320923 0.037616 0.038580 0.691696 0.344650 2 0.733290 0.346644 2 0.000000 0.000000 0
0 0.879051 0.403871 0.031105 0.047582 0.845414 0.369792 2 0.891710 0.421232 2 0.000000 0.000000 0
0 0.875072 0.589056 0.040509 0.037294 0.830223 0.569123 2 0.893157 0.598701 2 0.000000 0.000000 0
5 0.043186 0.439879 0.023148 0.075874 0.072844 0.359504 2 0.061994 0.513825 2 0.000000 0.000000 0
5 0.186777 0.374293 0.041233 0.027006 0.163990 0.364648 2 0.226154 0.365583 2 0.000000 0.000000 0
5 0.173394 0.572338 0.017361 0.073302 0.205946 0.509967 2 0.218244 0.617991 2 0.000000 0.000000 0
5 0.311710 0.432634 0.041233 0.027006 0.267433 0.412230 2 0.353516 0.417374 2 0.000000 0.000000 0
5 0.630570 0.418017 0.036169 0.024434 0.592954 0.391654 2 0.652995 0.394226 2 0.000000 0.000000 0
5 0.762225 0.401942 0.036169 0.033436 0.720269 0.395512 2 0.784650 0.395512 2 0.000000 0.000000 0
3 0.130715 0.284915 0.073785 0.087449 0.088035 0.265625 2 0.170501 0.337641 2 0.000000 0.000000 0
3 0.574146 0.302919 0.276331 0.066872 0.423683 0.338927 2 0.719546 0.275913 2 0.000000 0.000000 0
3 0.673973 0.472672 0.393519 0.205761 0.365090 0.513825 2 0.362920 0.566551 2 0.361473 0.619277 2
3 0.478299 0.620563 0.104890 0.154321 0.425130 0.540831 2 0.541594 0.702868 2 0.000000 0.000000 0
3 0.634910 0.585198 0.287905 0.088735 0.481554 0.542117 2 0.786820 0.597415 2 0.000000 0.000000 0
1 0.258030 0.641139 0.053530 0.115741 0.262370 0.602559 2 0.307219 0.592271 2 0.000000 0.000000 0
