5 0.047526 0.470743 0.021701 0.073302 0.043186 0.445666 2 0.063440 0.545975 2 0.000000 0.000000 0
5 0.254413 0.377508 0.043403 0.033436 0.230541 0.364648 2 0.282624 0.360790 2 0.000000 0.000000 0
5 0.281901 0.441808 0.039062 0.028292 0.250796 0.437950 2 0.326751 0.435378 2 0.000000 0.000000 0
5 0.393663 0.649498 0.031105 0.060442 0.381004 0.611561 2 0.409216 0.718300 2 0.000000 0.000000 0
5 0.552445 0.381366 0.037616 0.038580 0.521340 0.353074 2 0.579210 0.377508 2 0.000000 0.000000 0
5 0.762225 0.405800 0.037616 0.043724 0.719546 0.395512 2 0.782278 0.394691 2 0.000000 0.000000 0
0 0.046803 0.621849 0.030382 0.051440 0.074291 0.571695 2 0.069227 0.648855 2 0.000000 0.000000 0
0 0.102021 0.644569 0.034722 0.041152 0.087312 0.621849 2 0.132161 0.620563 2 0.000000 0.000000 0
0 0.725333 0.320923 0.034722 0.041152 0.691334 0.347930 2 0.731843 0.344072 2 0.000000 0.000000 0
0 0.877604 0.397441 0.032552 0.047582 0.846861 0.369792 2 0.892433 0.414802 2 0.000000 0.000000 0
0 0.878328 0.582626 0.036892 0.039866 0.830946 0.565265 2 0.891710 0.588413 2 0.000000 0.000000 0
3 0.150969 0.389082 0.039062 0.149177 0.127821 0.296489 2 0.180085 0.465106 2 0.000000 0.000000 0
3 0.674334 0.486818 0.397135 0.192901 0.464193 0.380080 2 0.872179 0.516397 2 0.000000 0.000000 0
3 0.637804 0.592914 0.289352 0.093879 0.480830 0.558835 2 0.786820 0.587127 2 0.000000 0.000000 0
3 0.481554 0.634066 0.104167 0.142747 0.422960 0.558835 2 0.545211 0.709298 2 0.000000 0.000000 0
4 0.069227 0.421232 0.065104 0.069444 0.114077 0.364648 2 0.123481 0.440522 2 0.000000 0.000000 0
4 0.405599 0.488104 0.033275 0.056584 0.394025 0.454668 2 0.451895 0.455954 2 0.000000 0.000000 0
1 0.142289 0.569123 0.082465 0.074588 0.132885 0.565265 2 0.205946 0.567837 2 0.000000 0.000000 0
6 0.264902 0.571695 0.039786 0.054012 0.310113 0.539545 2 0.306496 0.589699 2 0.307641 0.642575 2
