5 0.048611 0.472029 0.019531 0.081019 0.071398 0.396798 2 0.062717 0.547261 2 0.000000 0.000000 0
5 0.255136 0.380080 0.039062 0.028292 0.129268 0.300347 2 0.182075 0.468814 2 0.000000 0.000000 0
5 0.569083 0.392940 0.040509 0.054012 0.537977 0.355646 2 0.595848 0.434092 2 0.000000 0.000000 0
5 0.662037 0.441808 0.039786 0.043724 0.623336 0.404514 2 0.681207 0.422518 2 0.000000 0.000000 0
5 0.764395 0.408372 0.037616 0.036008 0.723886 0.401942 2 0.783927 0.398084 2 0.000000 0.000000 0
3 0.483724 0.637924 0.109954 0.153035 0.424407 0.562693 2 0.544564 0.713028 2 0.000000 0.000000 0
3 0.632378 0.652713 0.291522 0.133745 0.468533 0.584555 2 0.782480 0.701582 2 0.000000 0.000000 0
3 0.674696 0.490033 0.397859 0.191615 0.467086 0.382652 2 0.873626 0.525399 2 0.000000 0.000000 0
0 0.086174 0.607397 0.042573 0.032823 0.072121 0.607703 2 0.119864 0.597415 2 0.000000 0.000000 0
0 0.368707 0.403228 0.027488 0.059156 0.383898 0.360790 2 0.383898 0.439236 2 0.000000 0.000000 0
0 0.378111 0.628922 0.031829 0.039866 0.353516 0.614133 2 0.395472 0.611561 2 0.000000 0.000000 0
0 0.881583 0.407729 0.028935 0.047582 0.848307 0.373650 2 0.893880 0.427662 2 0.000000 0.000000 0
0 0.879774 0.590342 0.035446 0.034722 0.836010 0.576839 2 0.896050 0.599987 2 0.000000 0.000000 0
1 0.136140 0.562693 0.083189 0.069444 0.106843 0.567837 2 0.209563 0.566551 2 0.000000 0.000000 0
6 0.266348 0.576839 0.039786 0.054012 0.309389 0.539545 2 0.308666 0.592271 2 0.307219 0.643711 2
4 0.652748 0.234992 0.052577 0.086987 0.634187 0.286201 2 0.663845 0.283629 2 0.000000 0.000000 0
4 0.424045 0.488104 0.036892 0.046296 0.440321 0.428948 2 0.468533 0.535687 2 0.000000 0.000000 0
