4 0.059823 0.326067 0.072338 0.077160 0.111183 0.291345 2 0.109013 0.383938 2 0.000000 0.000000 0
4 0.420428 0.478459 0.036892 0.047582 0.435981 0.427662 2 0.464916 0.530543 2 0.000000 0.000000 0
0 0.082610 0.588413 0.038339 0.033436 0.071398 0.583269 2 0.114077 0.587127 2 0.000000 0.000000 0
0 0.371962 0.618634 0.029659 0.039866 0.347282 0.604940 2 0.392578 0.606417 2 0.000000 0.000000 0
0 0.366175 0.389082 0.023872 0.054012 0.381004 0.354360 2 0.377387 0.428948 2 0.000000 0.000000 0
0 0.874711 0.402585 0.033999 0.047582 0.843967 0.369792 2 0.888817 0.423804 2 0.000000 0.000000 0
0 0.871817 0.585841 0.035446 0.041152 0.828053 0.569123 2 0.887764 0.596129 2 0.000000 0.000000 0
5 0.043909 0.459169 0.021701 0.073302 0.067057 0.382652 2 0.060547 0.533115 2 0.000000 0.000000 0
5 0.254051 0.368506 0.039786 0.033436 0.231264 0.356932 2 0.281178 0.354360 2 0.000000 0.000000 0
5 0.277561 0.431520 0.040509 0.030864 0.251519 0.428948 2 0.322410 0.431520 2 0.000000 0.000000 0
5 0.566551 0.385867 0.038339 0.055298 0.533637 0.349216 2 0.590061 0.417374 2 0.000000 0.000000 0
5 0.659505 0.432163 0.040509 0.039866 0.620443 0.395512 2 0.682653 0.425090 2 0.000000 0.000000 0
5 0.759332 0.405157 0.041956 0.042438 0.718099 0.395512 2 0.778448 0.396273 2 0.000000 0.000000 0
3 0.149161 0.373007 0.044126 0.150463 0.127098 0.287487 2 0.178458 0.458526 2 0.000000 0.000000 0
3 0.479022 0.629565 0.104890 0.151749 0.419343 0.548547 2 0.539424 0.708012 2 0.000000 0.000000 0
3 0.626230 0.643068 0.287905 0.132459 0.463469 0.579411 2 0.775969 0.701582 2 0.000000 0.000000 0
3 0.671803 0.481674 0.396412 0.200617 0.465639 0.372364 2 0.868562 0.521541 2 0.000000 0.000000 0
1 0.131800 0.533758 0.083189 0.078447 0.116970 0.536973 2 0.202329 0.556263 2 0.000000 0.000000 0
6 0.199797 0.586484 0.045573 0.060442 0.246455 0.533115 2 0.245732 0.583269 2 0.244562 0.634299 2
6 0.283348 0.582626 0.030382 0.057870 0.320240 0.531829 2 0.318070 0.579411 2 0.317347 0.632137 2
