3 0.149161 0.374936 0.035446 0.149177 0.125651 0.286201 2 0.178458 0.457240 2 0.000000 0.000000 0
3 0.476490 0.633423 0.104167 0.149177 0.422960 0.552405 2 0.538701 0.708012 2 0.000000 0.000000 0
3 0.626230 0.648212 0.290799 0.137603 0.465639 0.579411 2 0.776431 0.703685 2 0.000000 0.000000 0
3 0.671803 0.484246 0.393519 0.195473 0.464193 0.374936 2 0.869285 0.518969 2 0.000000 0.000000 0
0 0.081163 0.588413 0.036892 0.038580 0.078631 0.584555 2 0.115470 0.586170 2 0.000000 0.000000 0
0 0.374132 0.619920 0.031105 0.032150 0.349175 0.605131 2 0.393302 0.605131 2 0.000000 0.000000 0
0 0.365813 0.387153 0.023148 0.063014 0.376664 0.351788 2 0.381004 0.426376 2 0.000000 0.000000 0
0 0.876519 0.403871 0.030382 0.039866 0.841073 0.371078 2 0.890263 0.417374 2 0.000000 0.000000 0
0 0.874349 0.585841 0.036169 0.041152 0.827329 0.567837 2 0.890987 0.590985 2 0.000000 0.000000 0
5 0.044994 0.458526 0.022425 0.072016 0.067057 0.385224 2 0.062717 0.530543 2 0.000000 0.000000 0
5 0.250434 0.369792 0.036892 0.033436 0.230541 0.359504 2 0.280454 0.354360 2 0.000000 0.000000 0
5 0.277561 0.428305 0.039062 0.029578 0.250072 0.426376 2 0.322410 0.428948 2 0.000000 0.000000 0
5 0.639612 0.470743 0.036892 0.055298 0.606698 0.423804 2 0.666739 0.521541 2 0.000000 0.000000 0
5 0.705802 0.342142 0.037616 0.042438 0.662399 0.372364 2 0.716652 0.374936 2 0.000000 0.000000 0
5 0.760417 0.401942 0.036892 0.043724 0.716652 0.394226 2 0.782480 0.394226 2 0.000000 0.000000 0
1 0.131076 0.534401 0.084635 0.077160 0.121311 0.527971 2 0.202329 0.554977 2 0.000000 0.000000 0
4 0.060909 0.327996 0.073061 0.083591 0.111183 0.290059 2 0.109737 0.382652 2 0.000000 0.000000 0
4 0.420067 0.473958 0.036169 0.048868 0.438151 0.427662 2 0.465639 0.526685 2 0.000000 0.000000 0
6 0.200159 0.583912 0.044850 0.063014 0.247902 0.530543 2 0.246455 0.581983 2 0.245732 0.635995 2
6 0.285518 0.581340 0.034722 0.060442 0.320087 0.525427 2 0.320240 0.579411 2 0.316623 0.633423 2
