10 0.159004 0.370788 0.045466 0.030738
7 0.147797 0.396403 0.003125 0.005556
8 0.196465 0.395264 0.003125 0.005556
10 0.307249 0.363957 0.046107 0.028461
10 0.426678 0.387864 0.016009 0.076275
10 0.505123 0.289390 0.040984 0.029599
10 0.599257 0.317851 0.039703 0.025046
10 0.703957 0.351434 0.037782 0.026184
10 0.818263 0.311589 0.038422 0.026184
10 0.808658 0.480077 0.020492 0.067168
10 0.703317 0.527322 0.039062 0.027322
10 0.605661 0.538707 0.039703 0.029599
10 0.533299 0.574567 0.017930 0.067168
10 0.458056 0.571152 0.017290 0.067168
10 0.254419 0.571152 0.030097 0.069444
7 0.274940 0.393162 0.003125 0.005556
7 0.427584 0.342949 0.003125 0.005556
7 0.487380 0.369124 0.003125 0.005556
7 0.560195 0.371357 0.003125 0.005556
7 0.676101 0.371357 0.003125 0.005556
7 0.774718 0.346311 0.003125 0.005556
7 0.260034 0.530978 0.003125 0.005556
7 0.472957 0.528846 0.003125 0.005556
7 0.517127 0.528846 0.003125 0.005556
7 0.575120 0.554487 0.003125 0.005556
7 0.677584 0.553419 0.003125 0.005556
7 0.775493 0.446637 0.003125 0.005556
8 0.351863 0.394765 0.003125 0.005556
8 0.427284 0.449786 0.003125 0.005556
8 0.516526 0.371261 0.003125 0.005556
8 0.619109 0.370219 0.003125 0.005556
8 0.719006 0.372495 0.003125 0.005556
8 0.819544 0.345173 0.003125 0.005556
8 0.243690 0.585470 0.003125 0.005556
8 0.471552 0.607387 0.003125 0.005556
8 0.517408 0.608394 0.003125 0.005556
8 0.619892 0.556090 0.003125 0.005556
8 0.719514 0.552033 0.003125 0.005556
8 0.774994 0.525362 0.003125 0.005556
