7 0.407636 0.370072 0.003125 0.005556
7 0.531124 0.371192 0.003125 0.005556
7 0.282888 0.484319 0.003125 0.005556
7 0.486391 0.563844 0.003125 0.005556
7 0.642641 0.589606 0.003125 0.005556
1 0.250651 0.530864 0.027127 0.064622
1 0.384657 0.406925 0.023872 0.067515
1 0.563965 0.409336 0.021159 0.054977
1 0.514052 0.617670 0.028754 0.060764
1 0.669488 0.636960 0.027127 0.060764
8 0.281539 0.566701 0.003125 0.005556
8 0.407890 0.455247 0.003125 0.005556
8 0.532793 0.452675 0.003125 0.005556
8 0.487944 0.647291 0.003125 0.005556
8 0.644194 0.667010 0.003125 0.005556
