7 0.470640 0.370072 0.003125 0.005556
7 0.579007 0.367832 0.003125 0.005556
7 0.393145 0.568324 0.003125 0.005556
7 0.565146 0.562724 0.003125 0.005556
7 0.642641 0.588486 0.003125 0.005556
1 0.378147 0.611400 0.022786 0.059799
1 0.448405 0.408854 0.023329 0.071373
1 0.566406 0.409819 0.018446 0.052083
1 0.549045 0.604167 0.022786 0.058835
1 0.670030 0.634066 0.027127 0.054977
8 0.470583 0.454390 0.003125 0.005556
8 0.579572 0.450960 0.003125 0.005556
8 0.394387 0.648148 0.003125 0.005556
8 0.564140 0.643861 0.003125 0.005556
8 0.643229 0.669582 0.003125 0.005556
