7 0.329511 0.422715 0.003125 0.005556
7 0.577747 0.367832 0.003125 0.005556
7 0.654612 0.422715 0.003125 0.005556
7 0.215474 0.563844 0.003125 0.005556
7 0.671623 0.640009 0.003125 0.005556
1 0.181478 0.613812 0.032010 0.060764
1 0.349392 0.374132 0.034722 0.048225
1 0.607368 0.322049 0.032010 0.044367
1 0.688477 0.364969 0.040148 0.051119
1 0.708550 0.598862 0.036892 0.048225
8 0.217400 0.646433 0.003125 0.005556
8 0.374614 0.421811 0.003125 0.005556
8 0.625386 0.366084 0.003125 0.005556
8 0.701582 0.423525 0.003125 0.005556
8 0.717014 0.641289 0.003125 0.005556
