7 0.326991 0.429435 0.003125 0.005556
7 0.453629 0.430556 0.003125 0.005556
7 0.218624 0.571685 0.003125 0.005556
7 0.516633 0.624328 0.003125 0.005556
7 0.640751 0.648970 0.003125 0.005556
1 0.181749 0.624904 0.030382 0.063657
1 0.341064 0.381510 0.031738 0.046007
1 0.479248 0.389757 0.033691 0.039931
1 0.540283 0.592882 0.034668 0.038194
1 0.670898 0.611111 0.041016 0.041667
8 0.218262 0.655382 0.003125 0.005556
8 0.375977 0.429688 0.003125 0.005556
8 0.500977 0.429688 0.003125 0.005556
8 0.563965 0.620660 0.003125 0.005556
8 0.686523 0.647569 0.003125 0.005556
