7 0.321321 0.405914 0.003125 0.005556
7 0.433468 0.404794 0.003125 0.005556
7 0.633821 0.405914 0.003125 0.005556
7 0.291079 0.544803 0.003125 0.005556
7 0.386215 0.626568 0.003125 0.005556
7 0.698085 0.596326 0.003125 0.005556
1 0.241699 0.577160 0.039605 0.054977
1 0.335829 0.351466 0.035807 0.045332
1 0.445150 0.351466 0.029839 0.049190
1 0.667589 0.393904 0.041775 0.035687
1 0.400662 0.584877 0.032010 0.045332
1 0.734863 0.547743 0.042860 0.046296
8 0.259874 0.627797 0.003125 0.005556
8 0.371636 0.404032 0.003125 0.005556
8 0.480686 0.377025 0.003125 0.005556
8 0.681966 0.404996 0.003125 0.005556
8 0.433485 0.597897 0.003125 0.005556
8 0.743273 0.594039 0.003125 0.005556
