10 0.188441 0.452226 0.040945 0.030957
10 0.334337 0.445532 0.041886 0.027610
10 0.456231 0.466867 0.017413 0.073628
10 0.411992 0.548444 0.016472 0.067771
10 0.328925 0.670599 0.023532 0.067771
10 0.485646 0.648427 0.016943 0.065261
10 0.513884 0.408300 0.039533 0.028447
10 0.547063 0.486948 0.035297 0.053548
10 0.560476 0.648427 0.016002 0.068608
10 0.619945 0.417182 0.038255 0.029477
10 0.634366 0.613286 0.037651 0.030120
10 0.680252 0.554301 0.015531 0.064424
10 0.730139 0.601573 0.038121 0.028447
10 0.786851 0.653865 0.022590 0.066098
10 0.842385 0.391566 0.040474 0.028447
10 0.862152 0.554301 0.020708 0.067771
10 0.729669 0.425870 0.040004 0.026774
7 0.302542 0.472463 0.003125 0.005556
7 0.452701 0.417503 0.003125 0.005556
7 0.482822 0.419177 0.003125 0.005556
7 0.586592 0.443963 0.003125 0.005556
7 0.701973 0.444364 0.003125 0.005556
7 0.801911 0.418340 0.003125 0.005556
7 0.408440 0.498154 0.003125 0.005556
7 0.526591 0.523762 0.003125 0.005556
7 0.672957 0.496988 0.003125 0.005556
7 0.829678 0.518742 0.003125 0.005556
7 0.347750 0.608266 0.003125 0.005556
7 0.496941 0.602410 0.003125 0.005556
7 0.542592 0.601573 0.003125 0.005556
7 0.600480 0.625837 0.003125 0.005556
7 0.703078 0.625837 0.003125 0.005556
7 0.787802 0.599910 0.003125 0.005556
8 0.378755 0.472758 0.003125 0.005556
8 0.452470 0.524647 0.003125 0.005556
8 0.409403 0.608266 0.003125 0.005556
8 0.319042 0.714525 0.003125 0.005556
8 0.542337 0.418272 0.003125 0.005556
8 0.644720 0.443440 0.003125 0.005556
8 0.570830 0.470214 0.003125 0.005556
8 0.744757 0.443943 0.003125 0.005556
8 0.842856 0.418340 0.003125 0.005556
8 0.831363 0.598456 0.003125 0.005556
8 0.774825 0.702166 0.003125 0.005556
8 0.745271 0.622670 0.003125 0.005556
8 0.645045 0.629066 0.003125 0.005556
8 0.498527 0.683003 0.003125 0.005556
8 0.542392 0.682434 0.003125 0.005556
8 0.225998 0.474069 0.003125 0.005556
7 0.177452 0.473266 0.003125 0.005556
8 0.673438 0.599074 0.003125 0.005556
