7 0.223664 0.575045 0.003125 0.005556
7 0.590978 0.564964 0.003125 0.005556
7 0.246346 0.701613 0.003125 0.005556
7 0.376134 0.724014 0.003125 0.005556
7 0.509073 0.696013 0.003125 0.005556
7 0.699975 0.741935 0.003125 0.005556
10 0.250897 0.579690 0.033299 0.034153
10 0.226562 0.755578 0.028176 0.069444
10 0.376409 0.774932 0.034580 0.048953
10 0.506724 0.733948 0.030097 0.067168
10 0.619429 0.580829 0.037782 0.027322
10 0.750384 0.764117 0.042264 0.027322
8 0.282915 0.548953 0.003125 0.005556
8 0.648566 0.566029 0.003125 0.005556
8 0.256660 0.781193 0.003125 0.005556
8 0.405225 0.778916 0.003125 0.005556
8 0.524974 0.772086 0.003125 0.005556
8 0.760630 0.740209 0.003125 0.005556
