7 0.223034 0.575045 0.003125 0.005556
7 0.366683 0.523522 0.003125 0.005556
7 0.478201 0.522401 0.003125 0.005556
7 0.246976 0.702733 0.003125 0.005556
7 0.449849 0.694892 0.003125 0.005556
7 0.701865 0.743056 0.003125 0.005556
10 0.248975 0.580829 0.037141 0.040984
10 0.364882 0.577413 0.026895 0.059199
10 0.482070 0.572860 0.032018 0.052368
10 0.225922 0.755009 0.028176 0.070583
10 0.460938 0.731671 0.037141 0.048953
10 0.751025 0.764686 0.044826 0.030738
8 0.281515 0.549435 0.003125 0.005556
8 0.393406 0.598870 0.003125 0.005556
8 0.507283 0.618879 0.003125 0.005556
8 0.256356 0.782486 0.003125 0.005556
8 0.494703 0.748352 0.003125 0.005556
8 0.761520 0.742467 0.003125 0.005556
