7 0.366683 0.521281 0.003125 0.005556
7 0.478831 0.521281 0.003125 0.005556
7 0.686744 0.514561 0.003125 0.005556
7 0.798261 0.510081 0.003125 0.005556
7 0.450479 0.697133 0.003125 0.005556
7 0.701235 0.740815 0.003125 0.005556
10 0.364562 0.576844 0.026255 0.055783
10 0.482390 0.572291 0.030097 0.051230
10 0.459657 0.733379 0.037141 0.050091
10 0.704278 0.581967 0.030738 0.061475
10 0.823066 0.563752 0.028817 0.061475
10 0.751345 0.765824 0.042905 0.033015
8 0.392744 0.592985 0.003125 0.005556
8 0.507283 0.620056 0.003125 0.005556
8 0.721133 0.614171 0.003125 0.005556
8 0.836997 0.607109 0.003125 0.005556
8 0.493379 0.748352 0.003125 0.005556
8 0.760547 0.743056 0.003125 0.005556
