7 0.154990 0.553763 0.003125 0.005556
7 0.687374 0.516801 0.003125 0.005556
7 0.797631 0.511201 0.003125 0.005556
7 0.231855 0.704973 0.003125 0.005556
7 0.580267 0.691532 0.003125 0.005556
7 0.699975 0.741935 0.003125 0.005556
10 0.143315 0.578552 0.024334 0.056922
10 0.218238 0.736794 0.030738 0.059199
10 0.704598 0.582536 0.033940 0.060337
10 0.824987 0.564891 0.030097 0.059199
10 0.586770 0.725410 0.032659 0.061475
10 0.750704 0.766963 0.040343 0.033015
8 0.178509 0.627205 0.003125 0.005556
8 0.721664 0.612875 0.003125 0.005556
8 0.836372 0.610670 0.003125 0.005556
8 0.257875 0.783730 0.003125 0.005556
8 0.612537 0.774912 0.003125 0.005556
8 0.760727 0.741843 0.003125 0.005556
