7 0.177041 0.500000 0.003125 0.005556
7 0.367314 0.547043 0.003125 0.005556
7 0.534904 0.501120 0.003125 0.005556
7 0.649572 0.575045 0.003125 0.005556
7 0.799521 0.504480 0.003125 0.005556
7 0.148059 0.675851 0.003125 0.005556
7 0.292339 0.675851 0.003125 0.005556
7 0.480091 0.725134 0.003125 0.005556
7 0.700605 0.726254 0.003125 0.005556
10 0.175333 0.527892 0.028176 0.053506
10 0.372567 0.610997 0.025615 0.060337
10 0.562436 0.536999 0.037782 0.042122
10 0.662974 0.618397 0.023694 0.068306
10 0.825307 0.554645 0.028176 0.063752
10 0.148438 0.730533 0.033299 0.058060
10 0.301165 0.732240 0.033940 0.061475
10 0.499680 0.752163 0.039062 0.035291
10 0.750064 0.752163 0.040343 0.028461
8 0.212612 0.574295 0.003125 0.005556
8 0.395523 0.675705 0.003125 0.005556
8 0.592076 0.547840 0.003125 0.005556
8 0.835751 0.599647 0.003125 0.005556
8 0.667721 0.675705 0.003125 0.005556
8 0.760727 0.726411 0.003125 0.005556
8 0.539373 0.755071 0.003125 0.005556
8 0.332279 0.757275 0.003125 0.005556
8 0.185330 0.756173 0.003125 0.005556
