7 0.176411 0.500000 0.003125 0.005556
7 0.370464 0.548163 0.003125 0.005556
7 0.536164 0.502240 0.003125 0.005556
7 0.650202 0.573925 0.003125 0.005556
7 0.799521 0.500000 0.003125 0.005556
7 0.161290 0.702733 0.003125 0.005556
7 0.480721 0.728495 0.003125 0.005556
7 0.567036 0.675851 0.003125 0.005556
7 0.699975 0.727375 0.003125 0.005556
10 0.175653 0.529599 0.031378 0.050091
10 0.373847 0.612136 0.025615 0.060337
10 0.562116 0.538138 0.039703 0.039845
10 0.664255 0.618966 0.026255 0.067168
10 0.824667 0.552368 0.026895 0.059199
10 0.160284 0.756717 0.032659 0.060337
10 0.499360 0.753871 0.039703 0.038707
10 0.599898 0.702072 0.038422 0.033015
10 0.750704 0.751025 0.040343 0.028461
8 0.212612 0.573192 0.003125 0.005556
8 0.396143 0.674603 0.003125 0.005556
8 0.593316 0.550044 0.003125 0.005556
8 0.669581 0.677910 0.003125 0.005556
8 0.837612 0.596340 0.003125 0.005556
8 0.761347 0.728616 0.003125 0.005556
8 0.628038 0.701058 0.003125 0.005556
8 0.541233 0.753968 0.003125 0.005556
8 0.198971 0.782628 0.003125 0.005556
