7 0.185232 0.575045 0.003125 0.005556
7 0.369204 0.549283 0.003125 0.005556
7 0.550655 0.503360 0.003125 0.005556
7 0.800151 0.501120 0.003125 0.005556
7 0.161290 0.703853 0.003125 0.005556
7 0.350302 0.729615 0.003125 0.005556
7 0.568926 0.675851 0.003125 0.005556
7 0.703125 0.728495 0.003125 0.005556
10 0.185579 0.607582 0.024334 0.060337
10 0.373527 0.612705 0.027536 0.061475
10 0.586450 0.527892 0.039703 0.033015
10 0.825628 0.554645 0.026255 0.059199
10 0.160925 0.759563 0.031378 0.063752
10 0.361680 0.751594 0.040984 0.036430
10 0.599898 0.702641 0.039703 0.034153
10 0.663614 0.621243 0.024974 0.064891
10 0.751345 0.752163 0.040343 0.030738
8 0.221292 0.674603 0.003125 0.005556
8 0.395523 0.674603 0.003125 0.005556
8 0.620598 0.527998 0.003125 0.005556
8 0.836992 0.601852 0.003125 0.005556
8 0.668961 0.677910 0.003125 0.005556
8 0.761347 0.729718 0.003125 0.005556
8 0.626798 0.702160 0.003125 0.005556
8 0.407924 0.758377 0.003125 0.005556
8 0.199591 0.782628 0.003125 0.005556
7 0.650276 0.574346 0.003125 0.005556
