7 0.201613 0.530242 0.003125 0.005556
7 0.315020 0.507841 0.003125 0.005556
7 0.452999 0.506720 0.003125 0.005556
7 0.550655 0.505600 0.003125 0.005556
7 0.800781 0.505600 0.003125 0.005556
7 0.160030 0.707213 0.003125 0.005556
7 0.349042 0.734095 0.003125 0.005556
7 0.466230 0.707213 0.003125 0.005556
7 0.701235 0.735215 0.003125 0.005556
10 0.208632 0.563752 0.034580 0.047814
10 0.315574 0.537568 0.033299 0.045537
10 0.434042 0.542122 0.017930 0.068306
10 0.586770 0.527892 0.039062 0.033015
10 0.825948 0.556922 0.028176 0.061475
10 0.161245 0.764117 0.033299 0.061475
10 0.362641 0.757855 0.039062 0.042122
10 0.493596 0.732810 0.038422 0.035291
10 0.752305 0.755009 0.042264 0.031876
8 0.241133 0.578704 0.003125 0.005556
8 0.341580 0.555556 0.003125 0.005556
8 0.451947 0.604056 0.003125 0.005556
8 0.620598 0.530203 0.003125 0.005556
8 0.836992 0.602954 0.003125 0.005556
8 0.761967 0.729718 0.003125 0.005556
8 0.523872 0.734127 0.003125 0.005556
8 0.407304 0.760582 0.003125 0.005556
8 0.198351 0.790344 0.003125 0.005556
