7 0.128528 0.502240 0.003125 0.005556
7 0.245086 0.507841 0.003125 0.005556
7 0.313760 0.553763 0.003125 0.005556
7 0.454889 0.505600 0.003125 0.005556
7 0.550025 0.508961 0.003125 0.005556
7 0.121598 0.681452 0.003125 0.005556
7 0.350302 0.734095 0.003125 0.005556
7 0.468120 0.708333 0.003125 0.005556
7 0.568926 0.709453 0.003125 0.005556
10 0.141073 0.527322 0.032659 0.056922
10 0.233607 0.558060 0.025615 0.059199
10 0.295082 0.614982 0.016650 0.061475
10 0.434042 0.542122 0.019211 0.066029
10 0.587731 0.529030 0.040984 0.030738
10 0.116419 0.734517 0.033299 0.059199
10 0.362001 0.758994 0.039062 0.035291
10 0.495197 0.736794 0.040343 0.034153
10 0.606621 0.716872 0.040343 0.033015
8 0.158048 0.558862 0.003125 0.005556
8 0.256634 0.580908 0.003125 0.005556
8 0.307478 0.683422 0.003125 0.005556
8 0.453187 0.606261 0.003125 0.005556
8 0.622458 0.532407 0.003125 0.005556
8 0.628038 0.708774 0.003125 0.005556
8 0.526352 0.735229 0.003125 0.005556
8 0.408544 0.761684 0.003125 0.005556
8 0.157428 0.764991 0.003125 0.005556
