7 0.131048 0.508961 0.003125 0.005556
7 0.246346 0.511201 0.003125 0.005556
7 0.315020 0.561604 0.003125 0.005556
7 0.482611 0.615367 0.003125 0.005556
7 0.595388 0.515681 0.003125 0.005556
7 0.708795 0.564964 0.003125 0.005556
7 0.120968 0.687052 0.003125 0.005556
7 0.599798 0.718414 0.003125 0.005556
7 0.764869 0.744176 0.003125 0.005556
10 0.141393 0.534153 0.033299 0.052368
10 0.235528 0.564321 0.023053 0.058060
10 0.298284 0.623520 0.019211 0.067168
10 0.497439 0.656535 0.038422 0.044399
10 0.578125 0.551230 0.019211 0.070583
10 0.751345 0.573998 0.039062 0.027322
10 0.117380 0.741917 0.032659 0.064891
10 0.633517 0.732240 0.040343 0.029599
10 0.816022 0.754440 0.040343 0.028461
8 0.161911 0.561393 0.003125 0.005556
8 0.159647 0.771739 0.003125 0.005556
8 0.258152 0.584541 0.003125 0.005556
8 0.309669 0.688205 0.003125 0.005556
8 0.526495 0.688205 0.003125 0.005556
8 0.598392 0.612721 0.003125 0.005556
8 0.658967 0.716385 0.003125 0.005556
8 0.764863 0.562331 0.003125 0.005556
8 0.838135 0.744358 0.003125 0.005556
