7 0.171371 0.610887 0.003125 0.005556
7 0.371724 0.563844 0.003125 0.005556
7 0.594128 0.515681 0.003125 0.005556
7 0.708795 0.566084 0.003125 0.005556
7 0.279108 0.716174 0.003125 0.005556
7 0.484501 0.614247 0.003125 0.005556
7 0.599798 0.718414 0.003125 0.005556
7 0.764869 0.746416 0.003125 0.005556
10 0.156122 0.680442 0.024334 0.067168
10 0.368084 0.626366 0.024334 0.063752
10 0.496478 0.658242 0.037782 0.045537
10 0.578445 0.552937 0.018571 0.073998
10 0.751985 0.576844 0.040343 0.030738
10 0.633837 0.732810 0.039703 0.033015
10 0.814741 0.749317 0.041624 0.038707
10 0.303407 0.739640 0.042264 0.030738
8 0.175071 0.742845 0.003125 0.005556
8 0.337240 0.717593 0.003125 0.005556
8 0.382812 0.688131 0.003125 0.005556
8 0.527145 0.691855 0.003125 0.005556
8 0.597325 0.615348 0.003125 0.005556
8 0.659560 0.718927 0.003125 0.005556
8 0.772461 0.574653 0.003125 0.005556
8 0.836426 0.745660 0.003125 0.005556
