7 0.166961 0.554884 0.003125 0.005556
7 0.279738 0.533602 0.003125 0.005556
7 0.418347 0.534722 0.003125 0.005556
7 0.570186 0.586246 0.003125 0.005556
7 0.724546 0.563844 0.003125 0.005556
7 0.212324 0.708333 0.003125 0.005556
7 0.384325 0.763217 0.003125 0.005556
7 0.486391 0.636649 0.003125 0.005556
7 0.588458 0.739695 0.003125 0.005556
7 0.768649 0.769937 0.003125 0.005556
10 0.158043 0.592782 0.029457 0.064891
10 0.273630 0.586521 0.028817 0.054645
10 0.423476 0.582536 0.027536 0.060337
10 0.500961 0.674750 0.033940 0.046676
10 0.602779 0.595059 0.036501 0.030738
10 0.758069 0.588798 0.033299 0.056922
10 0.221119 0.771516 0.036501 0.058060
10 0.411949 0.776639 0.039063 0.034153
10 0.588051 0.780624 0.028817 0.069444
10 0.816983 0.774932 0.042264 0.028461
8 0.189642 0.629928 0.003125 0.005556
8 0.302419 0.631048 0.003125 0.005556
8 0.458669 0.635529 0.003125 0.005556
8 0.627520 0.589606 0.003125 0.005556
8 0.771169 0.637769 0.003125 0.005556
8 0.262727 0.811380 0.003125 0.005556
8 0.442918 0.788978 0.003125 0.005556
8 0.531124 0.713934 0.003125 0.005556
8 0.605469 0.821461 0.003125 0.005556
8 0.839844 0.771057 0.003125 0.005556
