7 0.204133 0.455197 0.003125 0.005556
7 0.314390 0.430556 0.003125 0.005556
7 0.449849 0.429435 0.003125 0.005556
7 0.599798 0.473118 0.003125 0.005556
7 0.747228 0.442876 0.003125 0.005556
7 0.133569 0.654570 0.003125 0.005556
7 0.252016 0.597446 0.003125 0.005556
7 0.364793 0.595206 0.003125 0.005556
7 0.434728 0.666891 0.003125 0.005556
7 0.505292 0.615367 0.003125 0.005556
7 0.674773 0.612007 0.003125 0.005556
10 0.199272 0.487800 0.026921 0.058183
10 0.308805 0.476070 0.028505 0.051614
10 0.477460 0.471847 0.034312 0.045045
10 0.630015 0.473724 0.036423 0.028153
10 0.781778 0.459178 0.033784 0.049737
10 0.155986 0.673611 0.039590 0.028153
10 0.264728 0.653904 0.035367 0.056306
10 0.380332 0.621997 0.031144 0.050676
10 0.464791 0.699887 0.041702 0.035661
10 0.521273 0.634197 0.036423 0.035661
10 0.691776 0.649681 0.035367 0.059122
8 0.204891 0.676370 0.003125 0.005556
8 0.227900 0.526065 0.003125 0.005556
8 0.339202 0.521309 0.003125 0.005556
8 0.304420 0.698250 0.003125 0.005556
8 0.406625 0.671613 0.003125 0.005556
8 0.517391 0.497527 0.003125 0.005556
8 0.492241 0.693493 0.003125 0.005556
8 0.550032 0.665906 0.003125 0.005556
8 0.653842 0.469939 0.003125 0.005556
8 0.795109 0.513699 0.003125 0.005556
8 0.708958 0.663052 0.003125 0.005556
