7 0.292911 0.550449 0.003125 0.005556
7 0.429056 0.546364 0.003125 0.005556
7 0.531307 0.386029 0.003125 0.005556
7 0.605986 0.356413 0.003125 0.005556
7 0.562328 0.544322 0.003125 0.005556
10 0.304923 0.615797 0.034827 0.056894
10 0.434817 0.606175 0.024473 0.066098
10 0.499529 0.406208 0.035297 0.049364
10 0.584008 0.591114 0.016943 0.071118
10 0.603774 0.405790 0.022590 0.060241
8 0.473328 0.442055 0.003125 0.005556
8 0.591356 0.461470 0.003125 0.005556
8 0.338500 0.630974 0.003125 0.005556
8 0.415365 0.627240 0.003125 0.005556
8 0.563634 0.620520 0.003125 0.005556
