7 0.201613 0.454077 0.003125 0.005556
7 0.423387 0.437276 0.003125 0.005556
7 0.573967 0.492159 0.003125 0.005556
7 0.779990 0.475358 0.003125 0.005556
7 0.229335 0.650090 0.003125 0.005556
7 0.332661 0.606407 0.003125 0.005556
7 0.401336 0.681452 0.003125 0.005556
7 0.473790 0.634409 0.003125 0.005556
7 0.647051 0.641129 0.003125 0.005556
7 0.746598 0.644489 0.003125 0.005556
7 0.834173 0.650090 0.003125 0.005556
10 0.206662 0.497185 0.032200 0.046922
10 0.448691 0.487331 0.035895 0.042230
10 0.603621 0.498123 0.036423 0.028153
10 0.825591 0.477008 0.038007 0.038476
10 0.239390 0.684403 0.038535 0.049737
10 0.345756 0.629035 0.030617 0.055368
10 0.428368 0.715841 0.041702 0.039414
10 0.487226 0.650619 0.036951 0.038476
10 0.658256 0.678773 0.032728 0.057245
10 0.784417 0.645458 0.038007 0.046922
10 0.885769 0.676426 0.038007 0.041291
8 0.240208 0.526065 0.003125 0.005556
8 0.489565 0.509893 0.003125 0.005556
8 0.629227 0.492770 0.003125 0.005556
8 0.838988 0.524163 0.003125 0.005556
8 0.284086 0.704909 0.003125 0.005556
8 0.372378 0.682078 0.003125 0.005556
8 0.458530 0.712519 0.003125 0.005556
8 0.516856 0.687785 0.003125 0.005556
8 0.675781 0.692542 0.003125 0.005556
8 0.794574 0.674467 0.003125 0.005556
8 0.910156 0.703957 0.003125 0.005556
