7 0.199093 0.465278 0.003125 0.005556
7 0.298009 0.442876 0.003125 0.005556
7 0.408896 0.464158 0.003125 0.005556
7 0.779360 0.465278 0.003125 0.005556
7 0.231225 0.662410 0.003125 0.005556
7 0.333921 0.610887 0.003125 0.005556
7 0.403856 0.688172 0.003125 0.005556
7 0.476941 0.636649 0.003125 0.005556
7 0.647681 0.634409 0.003125 0.005556
7 0.749118 0.633289 0.003125 0.005556
7 0.833543 0.635529 0.003125 0.005556
10 0.206143 0.509785 0.033736 0.041035
10 0.306463 0.498211 0.031960 0.053662
10 0.432232 0.500316 0.036103 0.041035
10 0.823745 0.462437 0.035511 0.036827
10 0.241655 0.695497 0.036103 0.042088
10 0.347597 0.638152 0.031368 0.051557
10 0.430753 0.720223 0.039062 0.038931
10 0.490826 0.656040 0.039654 0.032618
10 0.660689 0.673927 0.033736 0.059975
10 0.786458 0.634470 0.035511 0.044192
10 0.885594 0.660248 0.039654 0.043140
8 0.237216 0.538721 0.003125 0.005556
8 0.350852 0.537668 0.003125 0.005556
8 0.462121 0.514520 0.003125 0.005556
8 0.837358 0.513468 0.003125 0.005556
8 0.285748 0.715488 0.003125 0.005556
8 0.373343 0.689184 0.003125 0.005556
8 0.460938 0.713384 0.003125 0.005556
8 0.520123 0.688131 0.003125 0.005556
8 0.679332 0.684975 0.003125 0.005556
8 0.794152 0.661827 0.003125 0.005556
8 0.909564 0.688131 0.003125 0.005556
