7 0.199093 0.468638 0.003125 0.005556
7 0.298639 0.446237 0.003125 0.005556
7 0.449219 0.471998 0.003125 0.005556
7 0.544355 0.447357 0.003125 0.005556
7 0.778100 0.468638 0.003125 0.005556
7 0.149320 0.615367 0.003125 0.005556
7 0.346522 0.642249 0.003125 0.005556
7 0.403856 0.692652 0.003125 0.005556
7 0.647681 0.640009 0.003125 0.005556
7 0.747228 0.642249 0.003125 0.005556
7 0.834173 0.640009 0.003125 0.005556
10 0.128018 0.672348 0.019531 0.069444
10 0.205848 0.515572 0.034328 0.048401
10 0.306167 0.501894 0.030185 0.052609
10 0.427202 0.507681 0.017756 0.064184
10 0.345230 0.672875 0.017164 0.062079
10 0.431345 0.724958 0.040246 0.033670
10 0.559482 0.484007 0.024266 0.056818
10 0.823153 0.470854 0.036695 0.036827
10 0.660097 0.678662 0.033736 0.058923
10 0.787346 0.640257 0.034920 0.047348
10 0.885890 0.665509 0.037879 0.038931
8 0.156140 0.717919 0.003125 0.005556
8 0.239767 0.541862 0.003125 0.005556
8 0.351452 0.540884 0.003125 0.005556
8 0.448834 0.539906 0.003125 0.005556
8 0.573173 0.542840 0.003125 0.005556
8 0.836708 0.518388 0.003125 0.005556
8 0.345951 0.720853 0.003125 0.005556
8 0.462588 0.718897 0.003125 0.005556
8 0.679908 0.693466 0.003125 0.005556
8 0.808099 0.665102 0.003125 0.005556
8 0.907888 0.693772 0.003125 0.005556
