7 0.155620 0.461918 0.003125 0.005556
7 0.500252 0.487679 0.003125 0.005556
7 0.582157 0.486559 0.003125 0.005556
7 0.759829 0.463038 0.003125 0.005556
7 0.113407 0.634409 0.003125 0.005556
7 0.243826 0.633289 0.003125 0.005556
7 0.342112 0.659050 0.003125 0.005556
7 0.399446 0.708333 0.003125 0.005556
7 0.572707 0.660170 0.003125 0.005556
7 0.672253 0.633289 0.003125 0.005556
7 0.743448 0.633289 0.003125 0.005556
10 0.132161 0.501368 0.017164 0.062079
10 0.085109 0.686553 0.020123 0.068392
10 0.240175 0.683396 0.029593 0.062079
10 0.340495 0.692866 0.018348 0.062079
10 0.425130 0.746528 0.042022 0.032618
10 0.500296 0.522412 0.024266 0.064184
10 0.586411 0.506103 0.026042 0.056818
10 0.797408 0.510838 0.037287 0.059975
10 0.579013 0.689184 0.027817 0.065236
10 0.689098 0.679188 0.025450 0.074705
10 0.765743 0.678136 0.029593 0.059975
8 0.149988 0.558862 0.003125 0.005556
8 0.105345 0.741843 0.003125 0.005556
8 0.280816 0.738536 0.003125 0.005556
8 0.339720 0.740741 0.003125 0.005556
8 0.457527 0.739638 0.003125 0.005556
8 0.514571 0.558862 0.003125 0.005556
8 0.599516 0.558862 0.003125 0.005556
8 0.807850 0.554453 0.003125 0.005556
8 0.589596 0.737434 0.003125 0.005556
8 0.691282 0.737434 0.003125 0.005556
8 0.778708 0.738536 0.003125 0.005556
