7 0.155620 0.476478 0.003125 0.005556
7 0.304940 0.521281 0.003125 0.005556
7 0.427797 0.521281 0.003125 0.005556
7 0.597278 0.519041 0.003125 0.005556
7 0.760459 0.468638 0.003125 0.005556
7 0.095766 0.702733 0.003125 0.005556
7 0.181452 0.701613 0.003125 0.005556
7 0.342112 0.673611 0.003125 0.005556
7 0.457409 0.666891 0.003125 0.005556
7 0.671623 0.641129 0.003125 0.005556
7 0.743448 0.638889 0.003125 0.005556
10 0.131570 0.517677 0.015980 0.063131
10 0.325402 0.514520 0.039062 0.027357
10 0.455315 0.530829 0.036103 0.038931
10 0.626953 0.525042 0.037287 0.027357
10 0.796816 0.515046 0.033736 0.055766
10 0.106712 0.729693 0.042022 0.032618
10 0.215909 0.718645 0.042614 0.029461
10 0.341383 0.703914 0.020123 0.067340
10 0.489347 0.681292 0.040246 0.030513
10 0.690874 0.684449 0.025450 0.068392
10 0.766335 0.681292 0.030777 0.064184
8 0.149368 0.573192 0.003125 0.005556
8 0.359561 0.522487 0.003125 0.005556
8 0.485429 0.519180 0.003125 0.005556
8 0.644779 0.513668 0.003125 0.005556
8 0.810330 0.564374 0.003125 0.005556
8 0.153708 0.702160 0.003125 0.005556
8 0.268415 0.698854 0.003125 0.005556
8 0.342200 0.737434 0.003125 0.005556
8 0.516431 0.669092 0.003125 0.005556
8 0.692522 0.740741 0.003125 0.005556
8 0.781808 0.742945 0.003125 0.005556
