7 0.198463 0.443996 0.003125 0.005556
7 0.332031 0.492159 0.003125 0.005556
7 0.472530 0.497760 0.003125 0.005556
7 0.636971 0.500000 0.003125 0.005556
7 0.137349 0.661290 0.003125 0.005556
7 0.224924 0.665771 0.003125 0.005556
7 0.383695 0.641129 0.003125 0.005556
7 0.585307 0.722894 0.003125 0.005556
7 0.686114 0.648970 0.003125 0.005556
7 0.786920 0.650090 0.003125 0.005556
7 0.872606 0.650090 0.003125 0.005556
10 0.176255 0.478746 0.018939 0.061027
10 0.357067 0.508207 0.036103 0.035774
10 0.497929 0.508207 0.036103 0.031566
10 0.668087 0.508733 0.037879 0.028409
10 0.151101 0.690762 0.040838 0.032618
10 0.261186 0.682344 0.044389 0.036827
10 0.385180 0.674453 0.018939 0.063131
10 0.604759 0.731797 0.037879 0.026305
10 0.694721 0.690236 0.028409 0.067340
10 0.839725 0.690762 0.033144 0.049453
10 0.922289 0.664983 0.036103 0.031566
8 0.191530 0.536817 0.003125 0.005556
8 0.388083 0.519180 0.003125 0.005556
8 0.527592 0.497134 0.003125 0.005556
8 0.682602 0.499339 0.003125 0.005556
8 0.194052 0.664651 0.003125 0.005556
8 0.311240 0.666891 0.003125 0.005556
8 0.383065 0.720654 0.003125 0.005556
8 0.632560 0.726254 0.003125 0.005556
8 0.718876 0.728495 0.003125 0.005556
8 0.850012 0.732474 0.003125 0.005556
8 0.936957 0.671200 0.003125 0.005556
