7 0.396312 0.361520 0.003125 0.005556
7 0.605411 0.359477 0.003125 0.005556
7 0.292911 0.551471 0.003125 0.005556
7 0.431353 0.549428 0.003125 0.005556
7 0.563477 0.544322 0.003125 0.005556
10 0.305393 0.615797 0.035768 0.053548
10 0.362811 0.402025 0.032003 0.057731
10 0.603069 0.406627 0.022120 0.065261
10 0.435053 0.605338 0.023061 0.067771
10 0.583067 0.591114 0.017884 0.071118
8 0.353201 0.442802 0.003125 0.005556
8 0.591356 0.462216 0.003125 0.005556
8 0.564054 0.621266 0.003125 0.005556
8 0.414945 0.627987 0.003125 0.005556
8 0.339340 0.630227 0.003125 0.005556
