7 0.153730 0.442876 0.003125 0.005556
7 0.426537 0.486559 0.003125 0.005556
7 0.591608 0.484319 0.003125 0.005556
7 0.768649 0.441756 0.003125 0.005556
7 0.090726 0.660170 0.003125 0.005556
7 0.337072 0.631048 0.003125 0.005556
7 0.425907 0.609767 0.003125 0.005556
7 0.539315 0.710573 0.003125 0.005556
7 0.638861 0.632168 0.003125 0.005556
7 0.740297 0.634409 0.003125 0.005556
7 0.825983 0.633289 0.003125 0.005556
10 0.128610 0.475589 0.015980 0.061027
10 0.103752 0.690236 0.040838 0.033670
10 0.336944 0.664983 0.018348 0.065236
10 0.451172 0.496633 0.036103 0.033670
10 0.434896 0.646044 0.027225 0.067340
10 0.620739 0.494003 0.039062 0.030513
10 0.558594 0.716014 0.039062 0.030513
10 0.647076 0.673927 0.027817 0.066288
10 0.805990 0.482428 0.030777 0.062079
10 0.789122 0.669718 0.036103 0.051557
10 0.874349 0.646044 0.037287 0.031566
8 0.146484 0.537133 0.003125 0.005556
8 0.149740 0.662519 0.003125 0.005556
8 0.336914 0.714603 0.003125 0.005556
8 0.453016 0.688561 0.003125 0.005556
8 0.480686 0.486015 0.003125 0.005556
8 0.637478 0.483121 0.003125 0.005556
8 0.816515 0.534240 0.003125 0.005556
8 0.585938 0.708816 0.003125 0.005556
8 0.671658 0.711709 0.003125 0.005556
8 0.802409 0.710745 0.003125 0.005556
8 0.888129 0.645158 0.003125 0.005556
