7 0.136719 0.456317 0.003125 0.005556
7 0.257686 0.483199 0.003125 0.005556
7 0.437248 0.511201 0.003125 0.005556
7 0.533014 0.467518 0.003125 0.005556
7 0.782510 0.471998 0.003125 0.005556
7 0.220514 0.629928 0.003125 0.005556
7 0.347782 0.634409 0.003125 0.005556
7 0.520413 0.636649 0.003125 0.005556
7 0.648942 0.638889 0.003125 0.005556
7 0.751638 0.670251 0.003125 0.005556
7 0.837954 0.672491 0.003125 0.005556
10 0.123875 0.475063 0.023082 0.055766
10 0.257931 0.507681 0.034328 0.043140
10 0.461529 0.523464 0.036695 0.034722
10 0.546165 0.490846 0.027225 0.049453
10 0.820490 0.519255 0.034920 0.059975
10 0.888258 0.682870 0.036695 0.029461
10 0.801847 0.706545 0.035511 0.053662
10 0.677853 0.683396 0.038471 0.047348
10 0.533144 0.665509 0.037879 0.041035
10 0.353220 0.680240 0.028409 0.066288
10 0.212358 0.684449 0.027225 0.062079
8 0.139974 0.553530 0.003125 0.005556
8 0.296766 0.559317 0.003125 0.005556
8 0.490994 0.513985 0.003125 0.005556
8 0.562066 0.563175 0.003125 0.005556
8 0.827908 0.570891 0.003125 0.005556
8 0.241970 0.734857 0.003125 0.005556
8 0.374349 0.737751 0.003125 0.005556
8 0.563694 0.690490 0.003125 0.005556
8 0.700955 0.689525 0.003125 0.005556
8 0.815430 0.750289 0.003125 0.005556
8 0.902778 0.683738 0.003125 0.005556
