7 0.126638 0.312948 0.003125 0.005556
7 0.244456 0.331989 0.003125 0.005556
7 0.417717 0.348790 0.003125 0.005556
7 0.510963 0.300627 0.003125 0.005556
7 0.642011 0.318548 0.003125 0.005556
7 0.748488 0.292787 0.003125 0.005556
7 0.333291 0.464158 0.003125 0.005556
7 0.417717 0.463038 0.003125 0.005556
7 0.529234 0.528002 0.003125 0.005556
7 0.721396 0.476478 0.003125 0.005556
7 0.803931 0.471998 0.003125 0.005556
10 0.116477 0.321970 0.023674 0.056818
10 0.246094 0.345644 0.035511 0.034722
10 0.339607 0.499790 0.026042 0.058923
10 0.442590 0.350379 0.033144 0.033670
10 0.522786 0.316709 0.026634 0.052609
10 0.662760 0.348801 0.034328 0.043140
10 0.784683 0.325652 0.030777 0.055766
10 0.850675 0.475589 0.039654 0.029461
10 0.771070 0.497685 0.034328 0.044192
10 0.439927 0.484007 0.037287 0.035774
10 0.550604 0.537142 0.034920 0.024200
8 0.133464 0.401138 0.003125 0.005556
8 0.282118 0.397280 0.003125 0.005556
8 0.472005 0.345197 0.003125 0.005556
8 0.538194 0.387635 0.003125 0.005556
8 0.687391 0.384742 0.003125 0.005556
8 0.795898 0.381848 0.003125 0.005556
8 0.865885 0.477334 0.003125 0.005556
8 0.782878 0.545814 0.003125 0.005556
8 0.585395 0.551601 0.003125 0.005556
8 0.358141 0.559698 0.003125 0.005556
8 0.472588 0.506092 0.003125 0.005556
