7 0.137979 0.327509 0.003125 0.005556
7 0.270917 0.301747 0.003125 0.005556
7 0.349672 0.327509 0.003125 0.005556
7 0.481981 0.343190 0.003125 0.005556
7 0.587828 0.320789 0.003125 0.005556
7 0.762349 0.296147 0.003125 0.005556
7 0.180822 0.464158 0.003125 0.005556
7 0.277218 0.463038 0.003125 0.005556
7 0.550655 0.456317 0.003125 0.005556
7 0.730847 0.478719 0.003125 0.005556
7 0.814642 0.479839 0.003125 0.005556
10 0.125947 0.348274 0.033144 0.048401
10 0.265625 0.320391 0.016572 0.059975
10 0.374231 0.353009 0.033736 0.047348
10 0.502959 0.346696 0.036695 0.030513
10 0.608014 0.350905 0.031368 0.045244
10 0.797112 0.329861 0.029593 0.055766
10 0.863104 0.480324 0.037287 0.026305
10 0.781132 0.503472 0.036695 0.049453
10 0.572798 0.497159 0.029593 0.049453
10 0.294922 0.511890 0.033736 0.045244
10 0.174183 0.495055 0.031368 0.057870
8 0.172433 0.394841 0.003125 0.005556
8 0.280692 0.392857 0.003125 0.005556
8 0.402344 0.391865 0.003125 0.005556
8 0.536830 0.345238 0.003125 0.005556
8 0.631138 0.386905 0.003125 0.005556
8 0.805804 0.384921 0.003125 0.005556
8 0.876674 0.480159 0.003125 0.005556
8 0.791853 0.548611 0.003125 0.005556
8 0.595982 0.527778 0.003125 0.005556
8 0.330357 0.530754 0.003125 0.005556
8 0.204241 0.532738 0.003125 0.005556
