7 0.135459 0.385753 0.003125 0.005556
7 0.311870 0.312948 0.003125 0.005556
7 0.496472 0.349910 0.003125 0.005556
7 0.627520 0.303987 0.003125 0.005556
7 0.748488 0.344310 0.003125 0.005556
7 0.182712 0.475358 0.003125 0.005556
7 0.279108 0.470878 0.003125 0.005556
7 0.429688 0.488799 0.003125 0.005556
7 0.607989 0.463038 0.003125 0.005556
7 0.815272 0.478719 0.003125 0.005556
7 0.732737 0.480959 0.003125 0.005556
10 0.107008 0.431923 0.017756 0.064184
10 0.178030 0.505577 0.031960 0.055766
10 0.296402 0.523464 0.035511 0.041035
10 0.323035 0.347222 0.026042 0.054714
10 0.523674 0.354061 0.036695 0.032618
10 0.655954 0.336700 0.033736 0.042088
10 0.792377 0.351957 0.034328 0.041035
10 0.865175 0.482428 0.036695 0.026305
10 0.782907 0.507155 0.035511 0.048401
10 0.631984 0.502946 0.034328 0.052609
10 0.442590 0.508733 0.034328 0.043140
8 0.127790 0.500000 0.003125 0.005556
8 0.348772 0.400794 0.003125 0.005556
8 0.552455 0.371032 0.003125 0.005556
8 0.688616 0.367063 0.003125 0.005556
8 0.806920 0.367063 0.003125 0.005556
8 0.878348 0.486111 0.003125 0.005556
8 0.794643 0.552579 0.003125 0.005556
8 0.654018 0.531746 0.003125 0.005556
8 0.471540 0.539683 0.003125 0.005556
8 0.331473 0.542659 0.003125 0.005556
8 0.205915 0.542659 0.003125 0.005556
