7 0.134199 0.390233 0.003125 0.005556
7 0.312500 0.316308 0.003125 0.005556
7 0.510963 0.355511 0.003125 0.005556
7 0.628780 0.307348 0.003125 0.005556
7 0.749118 0.321909 0.003125 0.005556
7 0.182712 0.477599 0.003125 0.005556
7 0.278478 0.475358 0.003125 0.005556
7 0.430948 0.495520 0.003125 0.005556
7 0.500882 0.541443 0.003125 0.005556
7 0.652092 0.487679 0.003125 0.005556
7 0.815902 0.482079 0.003125 0.005556
10 0.107304 0.436658 0.020715 0.063131
10 0.176847 0.510311 0.028409 0.050505
10 0.296993 0.525042 0.034328 0.039983
10 0.322739 0.349327 0.024266 0.056818
10 0.539358 0.367740 0.037287 0.024200
10 0.657434 0.333018 0.036695 0.045244
10 0.781428 0.360901 0.031368 0.048401
10 0.443478 0.508733 0.033736 0.043140
10 0.544981 0.557660 0.036695 0.029461
10 0.682292 0.535038 0.040246 0.038931
10 0.863400 0.483481 0.036695 0.026305
8 0.126674 0.502976 0.003125 0.005556
8 0.348772 0.405754 0.003125 0.005556
8 0.564732 0.375992 0.003125 0.005556
8 0.686384 0.372024 0.003125 0.005556
8 0.809710 0.388889 0.003125 0.005556
8 0.881696 0.483135 0.003125 0.005556
8 0.697545 0.560516 0.003125 0.005556
8 0.571429 0.536706 0.003125 0.005556
8 0.472656 0.538690 0.003125 0.005556
8 0.331473 0.543651 0.003125 0.005556
8 0.205915 0.550595 0.003125 0.005556
