7 0.166961 0.399194 0.003125 0.005556
7 0.221144 0.349910 0.003125 0.005556
7 0.317540 0.347670 0.003125 0.005556
7 0.437248 0.408154 0.003125 0.005556
7 0.516003 0.337590 0.003125 0.005556
7 0.634451 0.311828 0.003125 0.005556
7 0.269027 0.510081 0.003125 0.005556
7 0.326991 0.483199 0.003125 0.005556
7 0.492692 0.548163 0.003125 0.005556
7 0.643901 0.491039 0.003125 0.005556
7 0.811492 0.486559 0.003125 0.005556
10 0.154356 0.465593 0.022491 0.057870
10 0.226858 0.379840 0.031368 0.046296
10 0.312086 0.359848 0.026634 0.061027
10 0.266809 0.540299 0.031960 0.055766
10 0.332505 0.531355 0.030777 0.054714
10 0.432528 0.439289 0.021307 0.062079
10 0.544685 0.338805 0.027817 0.050505
10 0.673414 0.326705 0.021307 0.059975
10 0.537287 0.565551 0.039062 0.026305
10 0.672822 0.539773 0.040246 0.046296
10 0.855705 0.489268 0.037879 0.025253
8 0.172433 0.539683 0.003125 0.005556
8 0.259487 0.417659 0.003125 0.005556
8 0.342076 0.415675 0.003125 0.005556
8 0.451451 0.500992 0.003125 0.005556
8 0.555246 0.380952 0.003125 0.005556
8 0.679129 0.399802 0.003125 0.005556
8 0.689174 0.567460 0.003125 0.005556
8 0.872261 0.489154 0.003125 0.005556
8 0.563244 0.543651 0.003125 0.005556
8 0.365048 0.579365 0.003125 0.005556
8 0.294560 0.582990 0.003125 0.005556
