7 0.158140 0.353271 0.003125 0.005556
7 0.290449 0.348790 0.003125 0.005556
7 0.449849 0.327509 0.003125 0.005556
7 0.648942 0.345430 0.003125 0.005556
7 0.757939 0.366711 0.003125 0.005556
7 0.281628 0.562724 0.003125 0.005556
7 0.311240 0.512321 0.003125 0.005556
7 0.449219 0.510081 0.003125 0.005556
7 0.573967 0.482079 0.003125 0.005556
7 0.673513 0.553763 0.003125 0.005556
10 0.159979 0.379314 0.036103 0.034722
10 0.303800 0.349853 0.036103 0.026305
10 0.469519 0.326705 0.034920 0.045244
10 0.677261 0.327231 0.034920 0.035774
10 0.797408 0.367214 0.034920 0.031566
10 0.306759 0.578704 0.039654 0.031566
10 0.339311 0.503998 0.042022 0.033670
10 0.469519 0.526094 0.032552 0.048401
10 0.616596 0.505577 0.040246 0.041035
10 0.708333 0.538721 0.041430 0.029461
8 0.206069 0.397343 0.003125 0.005556
8 0.344203 0.373188 0.003125 0.005556
8 0.490962 0.370983 0.003125 0.005556
8 0.695863 0.342332 0.003125 0.005556
8 0.814151 0.391236 0.003125 0.005556
8 0.350902 0.583920 0.003125 0.005556
8 0.381162 0.510563 0.003125 0.005556
8 0.491747 0.557512 0.003125 0.005556
8 0.630942 0.531103 0.003125 0.005556
8 0.729423 0.551643 0.003125 0.005556
