7 0.124118 0.391353 0.003125 0.005556
7 0.217364 0.411514 0.003125 0.005556
7 0.459929 0.318548 0.003125 0.005556
7 0.659652 0.337590 0.003125 0.005556
7 0.768019 0.356631 0.003125 0.005556
7 0.292339 0.551523 0.003125 0.005556
7 0.321951 0.503360 0.003125 0.005556
7 0.459929 0.501120 0.003125 0.005556
7 0.583417 0.473118 0.003125 0.005556
7 0.685484 0.543683 0.003125 0.005556
10 0.109079 0.421402 0.020715 0.064184
10 0.191051 0.440341 0.018939 0.062079
10 0.481061 0.318813 0.034328 0.037879
10 0.686731 0.319339 0.034920 0.030513
10 0.806286 0.358796 0.038471 0.031566
10 0.349964 0.498211 0.039654 0.026305
10 0.320076 0.568708 0.041430 0.030513
10 0.481652 0.516098 0.031960 0.051557
10 0.628433 0.495581 0.034328 0.035774
10 0.719875 0.531355 0.040838 0.023148
8 0.131382 0.485133 0.003125 0.005556
8 0.211708 0.506651 0.003125 0.005556
8 0.501100 0.362872 0.003125 0.005556
8 0.700814 0.338419 0.003125 0.005556
8 0.824054 0.381455 0.003125 0.005556
8 0.390515 0.501761 0.003125 0.005556
8 0.360255 0.575117 0.003125 0.005556
8 0.503301 0.546753 0.003125 0.005556
8 0.641395 0.520344 0.003125 0.005556
8 0.740977 0.544797 0.003125 0.005556
