7 0.157510 0.344310 0.003125 0.005556
7 0.263357 0.340950 0.003125 0.005556
7 0.436618 0.383513 0.003125 0.005556
7 0.661542 0.337590 0.003125 0.005556
7 0.769279 0.358871 0.003125 0.005556
7 0.296749 0.549283 0.003125 0.005556
7 0.325731 0.502240 0.003125 0.005556
7 0.461820 0.498880 0.003125 0.005556
7 0.684224 0.544803 0.003125 0.005556
10 0.141927 0.356166 0.023674 0.057870
10 0.250237 0.354061 0.024858 0.057870
10 0.442294 0.418245 0.019531 0.057870
10 0.350852 0.496633 0.039062 0.029461
10 0.321851 0.568182 0.039062 0.029461
10 0.481357 0.521359 0.031368 0.047348
10 0.689986 0.320391 0.033144 0.034722
10 0.810133 0.361427 0.034328 0.026305
10 0.721354 0.531881 0.039062 0.030513
8 0.166593 0.411776 0.003125 0.005556
8 0.274978 0.408842 0.003125 0.005556
8 0.393816 0.502739 0.003125 0.005556
8 0.363556 0.573161 0.003125 0.005556
8 0.447183 0.474374 0.003125 0.005556
8 0.504952 0.549687 0.003125 0.005556
8 0.704665 0.338419 0.003125 0.005556
8 0.826805 0.378521 0.003125 0.005556
8 0.742628 0.546753 0.003125 0.005556
