7 0.156880 0.348790 0.003125 0.005556
7 0.262727 0.347670 0.003125 0.005556
7 0.501512 0.323029 0.003125 0.005556
7 0.703755 0.364471 0.003125 0.005556
7 0.769279 0.364471 0.003125 0.005556
7 0.132939 0.486559 0.003125 0.005556
7 0.292969 0.557124 0.003125 0.005556
7 0.572707 0.526882 0.003125 0.005556
7 0.757308 0.551523 0.003125 0.005556
10 0.141335 0.362479 0.021307 0.057870
10 0.249053 0.363005 0.026042 0.056818
10 0.507694 0.331439 0.020123 0.048401
10 0.717211 0.418245 0.022491 0.064184
10 0.809837 0.368792 0.034920 0.030513
10 0.124171 0.527673 0.024858 0.062079
10 0.322147 0.581860 0.040838 0.033670
10 0.597360 0.542403 0.034920 0.028409
10 0.796224 0.539247 0.038471 0.041035
8 0.165493 0.416667 0.003125 0.005556
8 0.273878 0.415689 0.003125 0.005556
8 0.517606 0.414710 0.003125 0.005556
8 0.164943 0.582942 0.003125 0.005556
8 0.363556 0.579030 0.003125 0.005556
8 0.628741 0.529147 0.003125 0.005556
8 0.723922 0.503717 0.003125 0.005556
8 0.828455 0.382433 0.003125 0.005556
8 0.821853 0.525235 0.003125 0.005556
