10 0.142822 0.362847 0.023926 0.057292
10 0.382568 0.430122 0.020020 0.054688
10 0.508301 0.333767 0.021484 0.052951
10 0.717041 0.416667 0.024902 0.062500
10 0.809989 0.368056 0.035156 0.029762
10 0.795480 0.537202 0.037388 0.042659
10 0.597935 0.541171 0.036272 0.024802
10 0.321987 0.582837 0.039062 0.034722
10 0.124163 0.527778 0.026228 0.063492
7 0.145089 0.328373 0.003125 0.005556
7 0.380580 0.389881 0.003125 0.005556
7 0.501665 0.321721 0.003125 0.005556
7 0.701823 0.365143 0.003125 0.005556
7 0.767525 0.365803 0.003125 0.005556
7 0.755912 0.550676 0.003125 0.005556
7 0.572213 0.530968 0.003125 0.005556
7 0.294552 0.557245 0.003125 0.005556
7 0.131440 0.486862 0.003125 0.005556
8 0.164168 0.416479 0.003125 0.005556
8 0.408045 0.482170 0.003125 0.005556
8 0.516258 0.412725 0.003125 0.005556
8 0.724768 0.504692 0.003125 0.005556
8 0.827175 0.384572 0.003125 0.005556
8 0.812394 0.532845 0.003125 0.005556
8 0.628167 0.530030 0.003125 0.005556
8 0.363704 0.581644 0.003125 0.005556
8 0.166280 0.584459 0.003125 0.005556
