7 0.134829 0.373432 0.003125 0.005556
7 0.225554 0.394713 0.003125 0.005556
7 0.400076 0.390233 0.003125 0.005556
7 0.509073 0.524642 0.003125 0.005556
7 0.652722 0.359991 0.003125 0.005556
5 0.143999 0.477694 0.031368 0.193603
5 0.252012 0.487689 0.076941 0.158880
5 0.423651 0.474011 0.049716 0.137837
5 0.573982 0.553451 0.117187 0.063131
5 0.724313 0.451389 0.106534 0.185185
8 0.159417 0.585398 0.003125 0.005556
8 0.299831 0.558183 0.003125 0.005556
8 0.454497 0.550676 0.003125 0.005556
8 0.635557 0.569444 0.003125 0.005556
8 0.777027 0.565691 0.003125 0.005556
