7 0.135459 0.386873 0.003125 0.005556
7 0.227445 0.410394 0.003125 0.005556
7 0.308720 0.387993 0.003125 0.005556
7 0.510963 0.377912 0.003125 0.005556
7 0.588458 0.376792 0.003125 0.005556
7 0.710685 0.393593 0.003125 0.005556
5 0.147550 0.491898 0.031368 0.196759
5 0.252012 0.500842 0.076941 0.159933
5 0.338719 0.470328 0.062145 0.153620
5 0.528705 0.482428 0.055043 0.186237
5 0.618963 0.471380 0.055634 0.136785
5 0.773733 0.485585 0.111861 0.171507
8 0.158889 0.601351 0.003125 0.005556
8 0.302998 0.572260 0.003125 0.005556
8 0.373205 0.569444 0.003125 0.005556
8 0.554265 0.588213 0.003125 0.005556
8 0.651921 0.535661 0.003125 0.005556
8 0.835093 0.579767 0.003125 0.005556
