7 0.141129 0.421595 0.003125 0.005556
7 0.260837 0.463038 0.003125 0.005556
7 0.356603 0.459677 0.003125 0.005556
7 0.364163 0.652330 0.003125 0.005556
7 0.606729 0.622088 0.003125 0.005556
7 0.720136 0.428315 0.003125 0.005556
5 0.207623 0.411932 0.121922 0.022096
5 0.283677 0.548716 0.046757 0.171507
5 0.382517 0.543981 0.072798 0.145202
5 0.447621 0.652357 0.131984 0.021044
5 0.685843 0.608165 0.095881 0.039983
5 0.795040 0.486637 0.133168 0.116793
8 0.868349 0.545045 0.003125 0.005556
8 0.734269 0.621997 0.003125 0.005556
8 0.522065 0.651089 0.003125 0.005556
8 0.422825 0.625751 0.003125 0.005556
8 0.307221 0.654842 0.003125 0.005556
8 0.275021 0.416479 0.003125 0.005556
