7 0.142389 0.423835 0.003125 0.005556
7 0.259577 0.468638 0.003125 0.005556
7 0.357233 0.463038 0.003125 0.005556
7 0.465600 0.461918 0.003125 0.005556
7 0.608619 0.625448 0.003125 0.005556
7 0.722026 0.433916 0.003125 0.005556
5 0.208807 0.414562 0.124290 0.023148
5 0.284268 0.553977 0.050308 0.171507
5 0.384292 0.548716 0.075166 0.148359
5 0.537879 0.440867 0.120739 0.035774
5 0.686139 0.612900 0.095289 0.038931
5 0.795928 0.491372 0.132576 0.117845
8 0.276077 0.421171 0.003125 0.005556
8 0.307749 0.661411 0.003125 0.005556
8 0.423353 0.634197 0.003125 0.005556
8 0.601774 0.460586 0.003125 0.005556
8 0.733742 0.629505 0.003125 0.005556
8 0.870988 0.548799 0.003125 0.005556
