5 0.183653 0.525568 0.068063 0.173611
5 0.286340 0.551873 0.048532 0.177820
5 0.401160 0.537142 0.087595 0.118897
5 0.539358 0.440341 0.123698 0.028409
5 0.688506 0.612374 0.097656 0.033670
5 0.797112 0.492424 0.133759 0.117845
7 0.157306 0.423048 0.003125 0.005556
7 0.261296 0.465278 0.003125 0.005556
7 0.357897 0.465278 0.003125 0.005556
7 0.465583 0.461524 0.003125 0.005556
7 0.608636 0.625751 0.003125 0.005556
7 0.721073 0.432432 0.003125 0.005556
8 0.226457 0.611674 0.003125 0.005556
8 0.308805 0.660473 0.003125 0.005556
8 0.452914 0.606044 0.003125 0.005556
8 0.603357 0.459647 0.003125 0.005556
8 0.736381 0.626689 0.003125 0.005556
8 0.870988 0.546922 0.003125 0.005556
