5 0.184618 0.523907 0.067239 0.177596
5 0.286437 0.554645 0.048028 0.173042
5 0.506724 0.588229 0.108222 0.051230
5 0.540343 0.445355 0.122951 0.047814
5 0.688589 0.609290 0.096696 0.050091
5 0.797772 0.491462 0.130635 0.114982
7 0.156762 0.426002 0.003125 0.005556
7 0.263704 0.469262 0.003125 0.005556
7 0.441086 0.560337 0.003125 0.005556
7 0.467982 0.462432 0.003125 0.005556
7 0.612065 0.628643 0.003125 0.005556
7 0.722848 0.433971 0.003125 0.005556
8 0.227865 0.613426 0.003125 0.005556
8 0.311849 0.663194 0.003125 0.005556
8 0.567057 0.601852 0.003125 0.005556
8 0.604818 0.454861 0.003125 0.005556
8 0.738932 0.627315 0.003125 0.005556
8 0.871745 0.546296 0.003125 0.005556
