5 0.183978 0.525615 0.067239 0.171903
5 0.286117 0.556352 0.047387 0.174180
5 0.369365 0.534722 0.081967 0.167350
5 0.506724 0.587090 0.108222 0.055783
5 0.687308 0.612705 0.096696 0.050091
5 0.797451 0.493739 0.131276 0.117259
7 0.157403 0.424863 0.003125 0.005556
7 0.261142 0.468124 0.003125 0.005556
7 0.329662 0.445355 0.003125 0.005556
7 0.440446 0.560337 0.003125 0.005556
7 0.610143 0.626366 0.003125 0.005556
7 0.723489 0.432832 0.003125 0.005556
8 0.227203 0.611566 0.003125 0.005556
8 0.310451 0.666211 0.003125 0.005556
8 0.409068 0.634335 0.003125 0.005556
8 0.567239 0.604736 0.003125 0.005556
8 0.736936 0.627505 0.003125 0.005556
8 0.872054 0.547814 0.003125 0.005556
