5 0.183658 0.535291 0.069160 0.177596
5 0.286757 0.560906 0.049949 0.171903
5 0.370005 0.541553 0.085809 0.167350
5 0.545146 0.442509 0.108222 0.048953
5 0.689229 0.617259 0.095415 0.066029
5 0.798412 0.500000 0.131916 0.127505
7 0.156762 0.431694 0.003125 0.005556
7 0.262423 0.473816 0.003125 0.005556
7 0.331583 0.449909 0.003125 0.005556
7 0.480149 0.445355 0.003125 0.005556
7 0.611424 0.630920 0.003125 0.005556
7 0.722848 0.435109 0.003125 0.005556
8 0.226562 0.624089 0.003125 0.005556
8 0.313653 0.669627 0.003125 0.005556
8 0.412910 0.638889 0.003125 0.005556
8 0.601178 0.439663 0.003125 0.005556
8 0.738858 0.627505 0.003125 0.005556
8 0.870774 0.546676 0.003125 0.005556
