5 0.183658 0.536430 0.067879 0.177596
5 0.287077 0.560906 0.049308 0.171903
5 0.537462 0.610997 0.106942 0.064891
5 0.689229 0.612136 0.095415 0.092213
5 0.799052 0.492031 0.129355 0.118397
5 0.368724 0.540414 0.083248 0.162796
7 0.156762 0.435109 0.003125 0.005556
7 0.261783 0.476093 0.003125 0.005556
7 0.331583 0.448770 0.003125 0.005556
7 0.468622 0.611566 0.003125 0.005556
7 0.611424 0.629781 0.003125 0.005556
7 0.724129 0.436248 0.003125 0.005556
8 0.225282 0.624089 0.003125 0.005556
8 0.311091 0.673042 0.003125 0.005556
8 0.412269 0.641166 0.003125 0.005556
8 0.594775 0.585383 0.003125 0.005556
8 0.740779 0.626366 0.003125 0.005556
8 0.873975 0.546676 0.003125 0.005556
