5 0.185579 0.536999 0.066598 0.174180
5 0.288038 0.564321 0.047387 0.174180
5 0.368724 0.546676 0.083248 0.163934
5 0.538422 0.610997 0.108863 0.044399
5 0.667777 0.479508 0.138320 0.052368
5 0.691150 0.619536 0.096696 0.052368
7 0.158683 0.435109 0.003125 0.005556
7 0.261783 0.477231 0.003125 0.005556
7 0.331583 0.453324 0.003125 0.005556
7 0.470543 0.618397 0.003125 0.005556
7 0.589652 0.447632 0.003125 0.005556
7 0.612705 0.638889 0.003125 0.005556
8 0.228484 0.627505 0.003125 0.005556
8 0.312372 0.675319 0.003125 0.005556
8 0.413550 0.645719 0.003125 0.005556
8 0.597976 0.595628 0.003125 0.005556
8 0.741419 0.638889 0.003125 0.005556
8 0.745902 0.493169 0.003125 0.005556
