5 0.189101 0.548383 0.069800 0.171903
5 0.293161 0.579121 0.046107 0.171903
5 0.374488 0.555783 0.081967 0.163934
5 0.542905 0.617828 0.112705 0.053506
5 0.674180 0.480647 0.135758 0.052368
5 0.742380 0.634335 0.096696 0.036430
7 0.160605 0.448770 0.003125 0.005556
7 0.267546 0.487477 0.003125 0.005556
7 0.337346 0.461293 0.003125 0.005556
7 0.476306 0.626366 0.003125 0.005556
7 0.596696 0.451047 0.003125 0.005556
7 0.674180 0.619536 0.003125 0.005556
8 0.234887 0.636612 0.003125 0.005556
8 0.318776 0.683288 0.003125 0.005556
8 0.421235 0.658242 0.003125 0.005556
8 0.603740 0.597905 0.003125 0.005556
8 0.750384 0.494308 0.003125 0.005556
8 0.791368 0.641166 0.003125 0.005556
