5 0.189741 0.548953 0.068519 0.173042
5 0.295082 0.576844 0.047387 0.176457
5 0.374808 0.557491 0.083888 0.167350
5 0.544185 0.622382 0.112705 0.058060
5 0.671619 0.484062 0.138320 0.054645
5 0.773758 0.605874 0.094134 0.034153
7 0.161885 0.445355 0.003125 0.005556
7 0.269467 0.489754 0.003125 0.005556
7 0.336066 0.462432 0.003125 0.005556
7 0.476306 0.627505 0.003125 0.005556
7 0.595415 0.454463 0.003125 0.005556
7 0.701076 0.591075 0.003125 0.005556
8 0.234887 0.638889 0.003125 0.005556
8 0.316855 0.684426 0.003125 0.005556
8 0.419314 0.655965 0.003125 0.005556
8 0.604380 0.597905 0.003125 0.005556
8 0.750384 0.493169 0.003125 0.005556
8 0.831071 0.613843 0.003125 0.005556
