5 0.231365 0.444217 0.122310 0.031876
5 0.293481 0.577413 0.045466 0.173042
5 0.446849 0.547814 0.064037 0.204918
5 0.530418 0.538707 0.077485 0.145719
5 0.674180 0.484062 0.135758 0.045537
5 0.774718 0.607013 0.092213 0.027322
7 0.163166 0.446494 0.003125 0.005556
7 0.269467 0.487477 0.003125 0.005556
7 0.475026 0.438525 0.003125 0.005556
7 0.489114 0.460155 0.003125 0.005556
7 0.597336 0.455601 0.003125 0.005556
7 0.701716 0.594490 0.003125 0.005556
8 0.300205 0.444217 0.003125 0.005556
8 0.317495 0.683288 0.003125 0.005556
8 0.405866 0.652550 0.003125 0.005556
8 0.576844 0.622951 0.003125 0.005556
8 0.751025 0.496585 0.003125 0.005556
8 0.832351 0.616120 0.003125 0.005556
