5 0.234247 0.437955 0.124232 0.028461
5 0.296363 0.575137 0.044826 0.175319
5 0.406186 0.444217 0.122310 0.038707
5 0.531058 0.543260 0.077485 0.145719
5 0.663294 0.540984 0.121670 0.145719
5 0.844839 0.511384 0.071081 0.122951
7 0.165727 0.445355 0.003125 0.005556
7 0.272669 0.488616 0.003125 0.005556
7 0.342568 0.438094 0.003125 0.005556
7 0.492298 0.459703 0.003125 0.005556
7 0.600132 0.456768 0.003125 0.005556
7 0.788292 0.434272 0.003125 0.005556
8 0.301159 0.441756 0.003125 0.005556
8 0.319430 0.682572 0.003125 0.005556
8 0.479461 0.436156 0.003125 0.005556
8 0.578377 0.625448 0.003125 0.005556
8 0.735887 0.626568 0.003125 0.005556
8 0.887097 0.595206 0.003125 0.005556
