5 0.189101 0.555783 0.071081 0.175319
5 0.295082 0.585952 0.047387 0.174180
5 0.510246 0.478939 0.106301 0.035291
5 0.485912 0.673042 0.286885 0.070583
5 0.664255 0.548953 0.122310 0.145719
5 0.844839 0.517646 0.074923 0.124089
7 0.163166 0.456740 0.003125 0.005556
7 0.269467 0.502277 0.003125 0.005556
7 0.334144 0.646858 0.003125 0.005556
7 0.450692 0.493169 0.003125 0.005556
7 0.599257 0.469262 0.003125 0.005556
7 0.786885 0.444217 0.003125 0.005556
8 0.234247 0.645719 0.003125 0.005556
8 0.317495 0.693534 0.003125 0.005556
8 0.572362 0.469262 0.003125 0.005556
8 0.638960 0.684426 0.003125 0.005556
8 0.736296 0.632058 0.003125 0.005556
8 0.886783 0.605874 0.003125 0.005556
