5 0.185899 0.561475 0.068519 0.177596
5 0.291240 0.595059 0.046107 0.178734
5 0.509285 0.490323 0.113345 0.039845
5 0.481109 0.678165 0.290087 0.060337
5 0.660733 0.560906 0.122951 0.151412
5 0.795850 0.596767 0.081967 0.107013
7 0.159324 0.457878 0.003125 0.005556
7 0.266906 0.503415 0.003125 0.005556
7 0.332223 0.650273 0.003125 0.005556
7 0.446849 0.501138 0.003125 0.005556
7 0.597976 0.476093 0.003125 0.005556
7 0.737577 0.522769 0.003125 0.005556
8 0.229124 0.653689 0.003125 0.005556
8 0.315574 0.699226 0.003125 0.005556
8 0.571721 0.476093 0.003125 0.005556
8 0.635118 0.698087 0.003125 0.005556
8 0.733094 0.643443 0.003125 0.005556
8 0.844518 0.643443 0.003125 0.005556
