5 0.178215 0.566598 0.069800 0.181011
5 0.285156 0.591075 0.049308 0.175319
5 0.393379 0.539276 0.097976 0.092213
5 0.476627 0.667919 0.286245 0.053506
5 0.653689 0.549522 0.121670 0.146858
5 0.787526 0.583675 0.083248 0.110428
7 0.151639 0.457878 0.003125 0.005556
7 0.260502 0.503415 0.003125 0.005556
7 0.345031 0.476093 0.003125 0.005556
7 0.327100 0.647996 0.003125 0.005556
7 0.590932 0.468124 0.003125 0.005556
7 0.728612 0.509107 0.003125 0.005556
8 0.225282 0.654827 0.003125 0.005556
8 0.311091 0.699226 0.003125 0.005556
8 0.456455 0.594490 0.003125 0.005556
8 0.728612 0.630920 0.003125 0.005556
8 0.838115 0.626366 0.003125 0.005556
8 0.629995 0.686703 0.003125 0.005556
