5 0.153560 0.566029 0.071721 0.182149
5 0.257941 0.596198 0.047387 0.178734
5 0.367764 0.541553 0.101819 0.089936
5 0.617188 0.511954 0.272797 0.322177
5 0.761270 0.586521 0.080686 0.111566
7 0.126025 0.461293 0.003125 0.005556
7 0.234887 0.505692 0.003125 0.005556
7 0.318135 0.478370 0.003125 0.005556
7 0.755507 0.419171 0.003125 0.005556
8 0.671619 0.660519 0.003125 0.005556
7 0.704278 0.514800 0.003125 0.005556
8 0.198386 0.653689 0.003125 0.005556
8 0.283555 0.707195 0.003125 0.005556
8 0.430200 0.596767 0.003125 0.005556
8 0.811219 0.626366 0.003125 0.005556
