5 0.150038 0.566598 0.071081 0.178734
5 0.257941 0.594490 0.044826 0.179872
5 0.366163 0.542691 0.101178 0.092213
5 0.604060 0.525615 0.270876 0.313069
5 0.759349 0.584244 0.080686 0.111566
7 0.126665 0.462432 0.003125 0.005556
7 0.232966 0.504554 0.003125 0.005556
7 0.317495 0.480647 0.003125 0.005556
7 0.748463 0.418033 0.003125 0.005556
7 0.701716 0.509107 0.003125 0.005556
8 0.197746 0.659381 0.003125 0.005556
8 0.280353 0.707195 0.003125 0.005556
8 0.427638 0.596767 0.003125 0.005556
8 0.670338 0.658242 0.003125 0.005556
8 0.811219 0.628643 0.003125 0.005556
