5 0.328381 0.596767 0.043545 0.195811
5 0.378010 0.530168 0.044185 0.194672
5 0.476627 0.515938 0.048028 0.152550
5 0.617828 0.530738 0.139600 0.232240
5 0.720927 0.521630 0.052510 0.145719
5 0.803855 0.502846 0.059554 0.176457
7 0.300845 0.502277 0.003125 0.005556
7 0.341829 0.454463 0.003125 0.005556
7 0.437244 0.449909 0.003125 0.005556
7 0.625512 0.432832 0.003125 0.005556
7 0.680584 0.429417 0.003125 0.005556
7 0.759349 0.421448 0.003125 0.005556
8 0.311732 0.702641 0.003125 0.005556
8 0.396260 0.642304 0.003125 0.005556
8 0.480789 0.616120 0.003125 0.005556
8 0.695953 0.618397 0.003125 0.005556
8 0.751665 0.619536 0.003125 0.005556
8 0.833632 0.607013 0.003125 0.005556
