5 0.172451 0.571152 0.082608 0.178734
5 0.375768 0.529030 0.046107 0.194672
5 0.474385 0.518215 0.047387 0.150273
5 0.616547 0.533015 0.137039 0.229964
5 0.719006 0.525046 0.052510 0.150273
5 0.801294 0.507969 0.062116 0.175319
7 0.216317 0.463570 0.003125 0.005556
7 0.339908 0.454463 0.003125 0.005556
7 0.435323 0.449909 0.003125 0.005556
7 0.624232 0.437386 0.003125 0.005556
7 0.679303 0.432832 0.003125 0.005556
7 0.755507 0.428279 0.003125 0.005556
8 0.132428 0.690118 0.003125 0.005556
8 0.393699 0.645719 0.003125 0.005556
8 0.478227 0.616120 0.003125 0.005556
8 0.692751 0.625228 0.003125 0.005556
8 0.748463 0.620674 0.003125 0.005556
8 0.830430 0.614982 0.003125 0.005556
