5 0.283876 0.579121 0.039062 0.124089
5 0.377049 0.528461 0.047387 0.198087
5 0.474065 0.518784 0.048028 0.151412
5 0.616547 0.536430 0.137039 0.236794
5 0.719647 0.527322 0.052510 0.147996
5 0.801294 0.508538 0.062116 0.171903
7 0.272669 0.482923 0.003125 0.005556
7 0.337987 0.453324 0.003125 0.005556
7 0.432761 0.448770 0.003125 0.005556
7 0.624232 0.437386 0.003125 0.005556
7 0.678023 0.432832 0.003125 0.005556
7 0.756788 0.431694 0.003125 0.005556
8 0.305328 0.675319 0.003125 0.005556
8 0.396260 0.644581 0.003125 0.005556
8 0.478868 0.613843 0.003125 0.005556
8 0.691470 0.620674 0.003125 0.005556
8 0.747823 0.620674 0.003125 0.005556
8 0.831071 0.614982 0.003125 0.005556
