5 0.249616 0.560906 0.087090 0.144581
5 0.355917 0.555783 0.047387 0.154827
5 0.520172 0.529599 0.141522 0.282332
5 0.685387 0.540984 0.051870 0.152550
5 0.770236 0.525046 0.057633 0.170765
7 0.197106 0.478370 0.003125 0.005556
7 0.320056 0.477231 0.003125 0.005556
7 0.592853 0.443078 0.003125 0.005556
7 0.645364 0.447632 0.003125 0.005556
7 0.727971 0.446494 0.003125 0.005556
8 0.300845 0.652550 0.003125 0.005556
8 0.372567 0.649135 0.003125 0.005556
8 0.471824 0.695811 0.003125 0.005556
8 0.711322 0.633197 0.003125 0.005556
8 0.799693 0.637750 0.003125 0.005556
