5 0.288678 0.481785 0.115266 0.050091
5 0.486232 0.474385 0.104380 0.051230
5 0.702677 0.485200 0.106942 0.038707
5 0.607582 0.625228 0.096055 0.027322
5 0.541624 0.683288 0.283043 0.045537
7 0.222720 0.484062 0.003125 0.005556
7 0.417392 0.481785 0.003125 0.005556
7 0.633197 0.494308 0.003125 0.005556
7 0.542264 0.621812 0.003125 0.005556
7 0.399462 0.674180 0.003125 0.005556
8 0.351434 0.476093 0.003125 0.005556
8 0.539062 0.453324 0.003125 0.005556
8 0.656890 0.618397 0.003125 0.005556
8 0.688909 0.663934 0.003125 0.005556
8 0.758709 0.471539 0.003125 0.005556
