5 0.337666 0.498292 0.086450 0.067168
5 0.385054 0.629212 0.114626 0.030738
5 0.609183 0.630351 0.095415 0.023907
5 0.706519 0.491462 0.106942 0.037568
5 0.545466 0.689549 0.285605 0.046676
7 0.295322 0.468311 0.003125 0.005556
7 0.317332 0.634235 0.003125 0.005556
7 0.401095 0.681486 0.003125 0.005556
7 0.545264 0.626360 0.003125 0.005556
7 0.636276 0.501790 0.003125 0.005556
8 0.390118 0.536526 0.003125 0.005556
8 0.445414 0.630321 0.003125 0.005556
8 0.660511 0.623106 0.003125 0.005556
8 0.761972 0.477904 0.003125 0.005556
8 0.691457 0.671807 0.003125 0.005556
