5 0.345991 0.460724 0.091573 0.026184
5 0.705879 0.494877 0.108222 0.048953
5 0.375768 0.525046 0.266393 0.145719
5 0.385054 0.630351 0.112065 0.030738
5 0.611104 0.630920 0.095415 0.029599
5 0.543865 0.690688 0.282403 0.044399
7 0.295082 0.464709 0.003125 0.005556
7 0.233607 0.614982 0.003125 0.005556
7 0.316214 0.634335 0.003125 0.005556
7 0.400743 0.681011 0.003125 0.005556
7 0.542905 0.626366 0.003125 0.005556
7 0.635118 0.503415 0.003125 0.005556
8 0.403945 0.463570 0.003125 0.005556
8 0.514088 0.456740 0.003125 0.005556
8 0.444928 0.625228 0.003125 0.005556
8 0.659452 0.627505 0.003125 0.005556
8 0.687628 0.671903 0.003125 0.005556
8 0.761911 0.480647 0.003125 0.005556
