5 0.157082 0.652550 0.032659 0.191257
5 0.351755 0.536430 0.094134 0.027322
5 0.527216 0.619536 0.068519 0.118397
5 0.718366 0.566029 0.108863 0.038707
5 0.778560 0.725979 0.268955 0.121812
5 0.373847 0.784608 0.292008 0.068306
7 0.145876 0.530738 0.003125 0.005556
7 0.217597 0.776639 0.003125 0.005556
7 0.298924 0.544399 0.003125 0.005556
7 0.478868 0.561475 0.003125 0.005556
7 0.649206 0.578552 0.003125 0.005556
7 0.628714 0.732240 0.003125 0.005556
8 0.168929 0.759563 0.003125 0.005556
8 0.408427 0.539845 0.003125 0.005556
8 0.524974 0.765255 0.003125 0.005556
8 0.569160 0.706056 0.003125 0.005556
8 0.773438 0.550091 0.003125 0.005556
8 0.913678 0.688980 0.003125 0.005556
