8 0.203776 0.547261 0.003125 0.005556
8 0.298539 0.695152 0.003125 0.005556
8 0.425854 0.539545 0.003125 0.005556
8 0.525680 0.625707 0.003125 0.005556
8 0.707248 0.621849 0.003125 0.005556
7 0.684100 0.522827 0.003125 0.005556
7 0.467810 0.656572 0.003125 0.005556
7 0.439598 0.488104 0.003125 0.005556
7 0.268880 0.668146 0.003125 0.005556
7 0.221861 0.477816 0.003125 0.005556
0 0.188947 0.472672 0.038339 0.056584
0 0.259476 0.704797 0.036169 0.047582
0 0.411748 0.483603 0.029659 0.057870
0 0.504702 0.681649 0.028935 0.037294
0 0.720870 0.533543 0.027244 0.054869
