0 0.178458 0.507395 0.036169 0.061728
0 0.251157 0.746592 0.028212 0.038580
0 0.498553 0.717657 0.033999 0.039866
0 0.641059 0.462384 0.032552 0.048868
0 0.717376 0.562050 0.026042 0.057870
7 0.212457 0.512539 0.003125 0.005556
7 0.262370 0.704154 0.003125 0.005556
7 0.464916 0.715728 0.003125 0.005556
7 0.639251 0.527971 0.003125 0.005556
7 0.680483 0.548547 0.003125 0.005556
8 0.195819 0.585841 0.003125 0.005556
8 0.291305 0.729874 0.003125 0.005556
8 0.521340 0.655285 0.003125 0.005556
8 0.663122 0.502251 0.003125 0.005556
8 0.702908 0.637281 0.003125 0.005556
