8 0.193649 0.589699 0.003125 0.005556
8 0.289135 0.732446 0.003125 0.005556
8 0.518446 0.657858 0.003125 0.005556
8 0.663122 0.509967 0.003125 0.005556
8 0.701461 0.674576 0.003125 0.005556
8 0.758608 0.651427 0.003125 0.005556
7 0.734737 0.549833 0.003125 0.005556
7 0.661675 0.705440 0.003125 0.005556
7 0.635634 0.533115 0.003125 0.005556
7 0.461299 0.720872 0.003125 0.005556
7 0.259476 0.706726 0.003125 0.005556
7 0.210286 0.512539 0.003125 0.005556
0 0.174479 0.511253 0.035446 0.059156
0 0.246817 0.747235 0.033999 0.034722
0 0.496021 0.716371 0.028935 0.042438
0 0.638166 0.460455 0.035446 0.045010
0 0.694589 0.711227 0.032552 0.034722
0 0.771267 0.576196 0.029659 0.065586
