0 0.163267 0.488747 0.037616 0.055298
0 0.230903 0.720872 0.033999 0.036008
0 0.403791 0.511253 0.029659 0.038580
0 0.625506 0.464313 0.031829 0.045010
0 0.684462 0.686793 0.032552 0.037294
0 0.768736 0.487461 0.036169 0.042438
7 0.197266 0.490676 0.003125 0.005556
7 0.244285 0.690008 0.003125 0.005556
7 0.388238 0.539545 0.003125 0.005556
7 0.621166 0.538259 0.003125 0.005556
7 0.728226 0.488104 0.003125 0.005556
7 0.655888 0.656572 0.003125 0.005556
8 0.182075 0.565265 0.003125 0.005556
8 0.270327 0.713156 0.003125 0.005556
8 0.431641 0.513825 0.003125 0.005556
8 0.647931 0.509967 0.003125 0.005556
8 0.700014 0.656572 0.003125 0.005556
8 0.776693 0.554977 0.003125 0.005556
