8 0.775969 0.554977 0.003125 0.005556
8 0.700014 0.653999 0.003125 0.005556
8 0.648655 0.515111 0.003125 0.005556
8 0.502532 0.684864 0.003125 0.005556
8 0.332538 0.561407 0.003125 0.005556
8 0.270327 0.720872 0.003125 0.005556
7 0.243562 0.686150 0.003125 0.005556
7 0.337601 0.490676 0.003125 0.005556
7 0.455512 0.687436 0.003125 0.005556
7 0.623336 0.534401 0.003125 0.005556
7 0.655888 0.657858 0.003125 0.005556
7 0.729673 0.486818 0.003125 0.005556
0 0.229818 0.724087 0.031829 0.039866
0 0.314091 0.497106 0.023872 0.054012
0 0.478299 0.722801 0.029659 0.034722
0 0.625506 0.465599 0.039062 0.052726
0 0.683738 0.687436 0.039786 0.033436
0 0.768736 0.484889 0.036169 0.045010
