0 0.212818 0.740162 0.033999 0.046296
0 0.297454 0.509324 0.026765 0.060442
0 0.413194 0.450167 0.029659 0.050154
0 0.461299 0.729874 0.033275 0.036008
0 0.608145 0.466242 0.033275 0.051440
0 0.669994 0.686793 0.031105 0.042438
0 0.749928 0.480388 0.036169 0.041152
7 0.226201 0.706726 0.003125 0.005556
7 0.318070 0.500965 0.003125 0.005556
7 0.399812 0.502251 0.003125 0.005556
7 0.443938 0.692580 0.003125 0.005556
7 0.605975 0.535687 0.003125 0.005556
7 0.639974 0.659144 0.003125 0.005556
7 0.710142 0.485532 0.003125 0.005556
8 0.256583 0.728588 0.003125 0.005556
8 0.316623 0.572981 0.003125 0.005556
8 0.439598 0.497106 0.003125 0.005556
8 0.485171 0.691294 0.003125 0.005556
8 0.632017 0.513825 0.003125 0.005556
8 0.683377 0.652713 0.003125 0.005556
8 0.759332 0.553691 0.003125 0.005556
