0 0.134029 0.523907 0.027536 0.052368
0 0.347272 0.496585 0.018571 0.045537
0 0.562436 0.492600 0.022413 0.051230
0 0.740779 0.491462 0.020492 0.060337
0 0.813461 0.675319 0.030097 0.034153
0 0.666496 0.655965 0.029457 0.034153
0 0.467341 0.677026 0.024334 0.051230
0 0.284196 0.695241 0.029457 0.037568
0 0.183978 0.686134 0.036501 0.030738
7 0.164447 0.503415 0.003125 0.005556
7 0.359119 0.480647 0.003125 0.005556
7 0.560835 0.469262 0.003125 0.005556
7 0.723489 0.468124 0.003125 0.005556
7 0.777920 0.665073 0.003125 0.005556
7 0.637039 0.642304 0.003125 0.005556
7 0.467982 0.643443 0.003125 0.005556
7 0.266906 0.702641 0.003125 0.005556
7 0.165087 0.677596 0.003125 0.005556
8 0.161245 0.558060 0.003125 0.005556
8 0.371286 0.550091 0.003125 0.005556
8 0.578125 0.547814 0.003125 0.005556
8 0.742700 0.543260 0.003125 0.005556
8 0.825948 0.686703 0.003125 0.005556
8 0.679303 0.637750 0.003125 0.005556
8 0.482070 0.725410 0.003125 0.005556
8 0.323899 0.678734 0.003125 0.005556
8 0.223361 0.706056 0.003125 0.005556
