0 0.133389 0.523907 0.027536 0.056922
0 0.349193 0.494877 0.019851 0.051230
0 0.564677 0.492031 0.021773 0.054645
0 0.743020 0.490893 0.022413 0.056922
0 0.813461 0.677026 0.035220 0.035291
0 0.667777 0.657104 0.030738 0.029599
0 0.467021 0.678165 0.027536 0.053506
0 0.357198 0.663934 0.030738 0.043260
0 0.185259 0.684995 0.037782 0.033015
7 0.166368 0.510246 0.003125 0.005556
7 0.361040 0.480647 0.003125 0.005556
7 0.562116 0.469262 0.003125 0.005556
7 0.724129 0.466985 0.003125 0.005556
7 0.781762 0.666211 0.003125 0.005556
7 0.637039 0.643443 0.003125 0.005556
7 0.469262 0.645719 0.003125 0.005556
7 0.340548 0.678734 0.003125 0.005556
7 0.167008 0.682149 0.003125 0.005556
8 0.163166 0.558060 0.003125 0.005556
8 0.371926 0.550091 0.003125 0.005556
8 0.578125 0.548953 0.003125 0.005556
8 0.743981 0.543260 0.003125 0.005556
8 0.824667 0.660519 0.003125 0.005556
8 0.681224 0.641166 0.003125 0.005556
8 0.483350 0.725410 0.003125 0.005556
8 0.398181 0.625228 0.003125 0.005556
8 0.223991 0.704817 0.003125 0.005556
