7 0.168929 0.531876 0.003125 0.005556
7 0.400102 0.489754 0.003125 0.005556
7 0.569160 0.496585 0.003125 0.005556
7 0.729252 0.493169 0.003125 0.005556
7 0.788166 0.688980 0.003125 0.005556
7 0.644083 0.669627 0.003125 0.005556
7 0.473105 0.674180 0.003125 0.005556
7 0.357198 0.729964 0.003125 0.005556
7 0.168929 0.704918 0.003125 0.005556
0 0.137551 0.548953 0.030738 0.054645
0 0.400743 0.507969 0.021773 0.043260
0 0.567879 0.518215 0.025615 0.050091
0 0.748463 0.518215 0.021773 0.056922
0 0.822106 0.704918 0.032018 0.031876
0 0.673540 0.683857 0.028176 0.030738
0 0.471824 0.707195 0.025615 0.050091
0 0.377690 0.747040 0.029457 0.043260
0 0.186219 0.712318 0.037141 0.035291
8 0.165087 0.581967 0.003125 0.005556
8 0.416112 0.551230 0.003125 0.005556
8 0.582608 0.570583 0.003125 0.005556
8 0.747823 0.566029 0.003125 0.005556
8 0.835553 0.712887 0.003125 0.005556
8 0.684426 0.666211 0.003125 0.005556
8 0.487193 0.750455 0.003125 0.005556
8 0.401383 0.725410 0.003125 0.005556
8 0.224641 0.729964 0.003125 0.005556
