0 0.134990 0.556922 0.028176 0.056922
0 0.186539 0.720287 0.037782 0.039845
0 0.440446 0.543260 0.020492 0.045537
0 0.568519 0.523907 0.021773 0.050091
0 0.747823 0.522769 0.025615 0.059199
0 0.822106 0.712887 0.032018 0.031876
0 0.672900 0.689549 0.033299 0.030738
0 0.531378 0.720287 0.025615 0.046676
0 0.421235 0.730533 0.030738 0.033015
7 0.166368 0.537568 0.003125 0.005556
7 0.429559 0.507969 0.003125 0.005556
7 0.568519 0.500000 0.003125 0.005556
7 0.729252 0.498862 0.003125 0.005556
7 0.786885 0.692395 0.003125 0.005556
7 0.640881 0.675319 0.003125 0.005556
7 0.528817 0.678734 0.003125 0.005556
7 0.401383 0.734517 0.003125 0.005556
7 0.168929 0.715164 0.003125 0.005556
8 0.164447 0.593352 0.003125 0.005556
8 0.459016 0.580829 0.003125 0.005556
8 0.581327 0.575137 0.003125 0.005556
8 0.748463 0.572860 0.003125 0.005556
8 0.831071 0.693534 0.003125 0.005556
8 0.684426 0.673042 0.003125 0.005556
8 0.545466 0.756148 0.003125 0.005556
8 0.444288 0.731102 0.003125 0.005556
8 0.224001 0.741348 0.003125 0.005556
