0 0.134349 0.566598 0.030738 0.060337
0 0.292200 0.517646 0.026255 0.048953
0 0.454214 0.506831 0.024974 0.054645
0 0.748463 0.531307 0.023053 0.058060
0 0.821465 0.719148 0.033299 0.030738
0 0.673220 0.698087 0.031378 0.031876
0 0.454214 0.725979 0.028817 0.055783
0 0.335745 0.735656 0.030097 0.034153
0 0.184939 0.733379 0.035861 0.031876
7 0.166368 0.548953 0.003125 0.005556
7 0.293161 0.498862 0.003125 0.005556
7 0.458376 0.490893 0.003125 0.005556
7 0.729892 0.505692 0.003125 0.005556
7 0.789447 0.707195 0.003125 0.005556
7 0.642802 0.685565 0.003125 0.005556
7 0.457736 0.688980 0.003125 0.005556
7 0.312372 0.723133 0.003125 0.005556
7 0.165727 0.726548 0.003125 0.005556
8 0.163806 0.601321 0.003125 0.005556
8 0.319416 0.568306 0.003125 0.005556
8 0.472464 0.564891 0.003125 0.005556
8 0.749744 0.579690 0.003125 0.005556
8 0.830430 0.704918 0.003125 0.005556
8 0.686347 0.681011 0.003125 0.005556
8 0.473105 0.768670 0.003125 0.005556
8 0.357198 0.717441 0.003125 0.005556
8 0.223361 0.750455 0.003125 0.005556
