7 0.158043 0.587659 0.003125 0.005556
7 0.286757 0.536430 0.003125 0.005556
7 0.644083 0.546676 0.003125 0.005556
7 0.786245 0.741348 0.003125 0.005556
7 0.681865 0.743625 0.003125 0.005556
7 0.552510 0.724271 0.003125 0.005556
7 0.305328 0.762978 0.003125 0.005556
7 0.158043 0.765255 0.003125 0.005556
0 0.124103 0.607582 0.032018 0.055783
0 0.284836 0.559768 0.026895 0.048953
0 0.669698 0.542122 0.034580 0.047814
0 0.819224 0.760132 0.033940 0.035291
0 0.720607 0.766963 0.032659 0.035291
0 0.567559 0.749886 0.028817 0.042122
0 0.328381 0.778916 0.030738 0.036430
0 0.175013 0.780055 0.039062 0.036430
8 0.155482 0.640027 0.003125 0.005556
8 0.313012 0.611566 0.003125 0.005556
8 0.675461 0.596767 0.003125 0.005556
8 0.829150 0.742486 0.003125 0.005556
8 0.727331 0.743625 0.003125 0.005556
8 0.585169 0.807377 0.003125 0.005556
8 0.348873 0.758424 0.003125 0.005556
8 0.218238 0.793716 0.003125 0.005556
