0 0.150679 0.546676 0.030097 0.061475
0 0.259541 0.533015 0.028817 0.050091
0 0.680584 0.500569 0.034580 0.037568
0 0.800653 0.477801 0.031378 0.055783
0 0.708120 0.657673 0.029457 0.035291
0 0.608863 0.632058 0.026895 0.038707
0 0.491355 0.649135 0.027536 0.034153
0 0.204790 0.693534 0.034580 0.036430
7 0.181096 0.530738 0.003125 0.005556
7 0.266906 0.506831 0.003125 0.005556
7 0.621670 0.523907 0.003125 0.005556
7 0.768955 0.473816 0.003125 0.005556
7 0.686988 0.698087 0.003125 0.005556
7 0.586450 0.677596 0.003125 0.005556
7 0.469903 0.677596 0.003125 0.005556
7 0.198386 0.677596 0.003125 0.005556
8 0.177894 0.581967 0.003125 0.005556
8 0.288678 0.583106 0.003125 0.005556
8 0.692111 0.548953 0.003125 0.005556
8 0.801614 0.542122 0.003125 0.005556
8 0.729892 0.695811 0.003125 0.005556
8 0.628074 0.675319 0.003125 0.005556
8 0.514088 0.650273 0.003125 0.005556
8 0.238089 0.733379 0.003125 0.005556
