0 0.145876 0.461293 0.029457 0.052368
0 0.323578 0.456170 0.026255 0.048953
0 0.498719 0.432832 0.028176 0.038707
0 0.513448 0.606444 0.017930 0.053506
0 0.316855 0.661088 0.023053 0.046676
0 0.162205 0.644581 0.028817 0.050091
7 0.130507 0.464709 0.003125 0.005556
7 0.307889 0.452186 0.003125 0.005556
7 0.482710 0.484062 0.003125 0.005556
7 0.500000 0.602459 0.003125 0.005556
7 0.303407 0.641166 0.003125 0.005556
7 0.144595 0.649135 0.003125 0.005556
8 0.168929 0.530738 0.003125 0.005556
8 0.348233 0.518215 0.003125 0.005556
8 0.524334 0.486339 0.003125 0.005556
8 0.516009 0.674180 0.003125 0.005556
8 0.332864 0.719718 0.003125 0.005556
8 0.186860 0.696949 0.003125 0.005556
