0 0.147157 0.490893 0.032018 0.052368
0 0.533940 0.487477 0.020492 0.052368
0 0.682825 0.514800 0.030097 0.031876
0 0.594134 0.647996 0.023053 0.056922
0 0.355597 0.680442 0.019851 0.058060
0 0.160605 0.673611 0.028176 0.053506
7 0.131148 0.484062 0.003125 0.005556
7 0.509606 0.460155 0.003125 0.005556
7 0.637039 0.521630 0.003125 0.005556
7 0.570441 0.618397 0.003125 0.005556
7 0.343750 0.659381 0.003125 0.005556
7 0.143955 0.681011 0.003125 0.005556
8 0.167649 0.553506 0.003125 0.005556
8 0.526895 0.558060 0.003125 0.005556
8 0.674180 0.495446 0.003125 0.005556
8 0.589011 0.699226 0.003125 0.005556
8 0.359119 0.742486 0.003125 0.005556
8 0.184298 0.728825 0.003125 0.005556
