4 0.233607 0.504554 0.021773 0.022769
4 0.362321 0.632058 0.014088 0.038707
4 0.562756 0.666211 0.015369 0.040984
4 0.663614 0.502846 0.023694 0.023907
4 0.767354 0.690688 0.027536 0.026184
7 0.222720 0.492031 0.003125 0.005556
7 0.346952 0.605874 0.003125 0.005556
7 0.573642 0.629781 0.003125 0.005556
7 0.621030 0.507969 0.003125 0.005556
7 0.730533 0.645719 0.003125 0.005556
8 0.259862 0.492031 0.003125 0.005556
8 0.345031 0.681011 0.003125 0.005556
8 0.576204 0.703780 0.003125 0.005556
8 0.688909 0.505692 0.003125 0.005556
8 0.772797 0.643443 0.003125 0.005556
