4 0.216637 0.673611 0.023694 0.021630
4 0.391778 0.488046 0.012807 0.039845
4 0.561796 0.665642 0.016009 0.039845
4 0.665215 0.505123 0.025615 0.021630
4 0.767674 0.690118 0.028176 0.022769
7 0.204150 0.658242 0.003125 0.005556
7 0.380251 0.464709 0.003125 0.005556
7 0.575564 0.622951 0.003125 0.005556
7 0.622951 0.505692 0.003125 0.005556
7 0.729892 0.646858 0.003125 0.005556
8 0.247054 0.658242 0.003125 0.005556
8 0.378970 0.535291 0.003125 0.005556
8 0.576204 0.702641 0.003125 0.005556
8 0.688909 0.509107 0.003125 0.005556
8 0.772797 0.649135 0.003125 0.005556
