4 0.217277 0.678165 0.026255 0.026184
4 0.415791 0.467555 0.014728 0.035291
4 0.420914 0.617259 0.023694 0.029599
4 0.664575 0.503985 0.021773 0.021630
4 0.767034 0.687272 0.025615 0.026184
7 0.205430 0.659381 0.003125 0.005556
7 0.435323 0.449909 0.003125 0.005556
7 0.400743 0.654827 0.003125 0.005556
7 0.622951 0.507969 0.003125 0.005556
7 0.731173 0.647996 0.003125 0.005556
8 0.248335 0.660519 0.003125 0.005556
8 0.432761 0.511384 0.003125 0.005556
8 0.446209 0.654827 0.003125 0.005556
8 0.690190 0.507969 0.003125 0.005556
8 0.772797 0.647996 0.003125 0.005556
