4 0.138832 0.649135 0.015369 0.040984
4 0.287718 0.478370 0.014728 0.038707
4 0.589011 0.675888 0.025615 0.028461
4 0.666176 0.507400 0.023694 0.021630
4 0.767994 0.691826 0.023694 0.026184
7 0.167649 0.614982 0.003125 0.005556
7 0.302766 0.451047 0.003125 0.005556
7 0.560835 0.654827 0.003125 0.005556
7 0.624232 0.507969 0.003125 0.005556
7 0.731814 0.647996 0.003125 0.005556
8 0.160605 0.690118 0.003125 0.005556
8 0.300845 0.517077 0.003125 0.005556
8 0.603740 0.651412 0.003125 0.005556
8 0.676742 0.505692 0.003125 0.005556
8 0.774718 0.649135 0.003125 0.005556
