4 0.135310 0.649704 0.014728 0.042122
4 0.283555 0.480647 0.012807 0.036430
4 0.476947 0.672473 0.024334 0.030738
4 0.696273 0.469262 0.017290 0.031876
4 0.664255 0.653119 0.021132 0.037568
7 0.164447 0.612705 0.003125 0.005556
7 0.299565 0.452186 0.003125 0.005556
7 0.442367 0.659381 0.003125 0.005556
7 0.654329 0.608151 0.003125 0.005556
7 0.672259 0.472678 0.003125 0.005556
8 0.156122 0.685565 0.003125 0.005556
8 0.297003 0.521630 0.003125 0.005556
8 0.500000 0.658242 0.003125 0.005556
8 0.689549 0.538707 0.003125 0.005556
8 0.688268 0.681011 0.003125 0.005556
