4 0.144275 0.481216 0.013448 0.037568
4 0.148758 0.675319 0.018571 0.031876
4 0.310131 0.681011 0.023694 0.022769
4 0.663934 0.654258 0.020492 0.039845
4 0.694032 0.482354 0.016650 0.039845
7 0.168929 0.453324 0.003125 0.005556
7 0.163166 0.640027 0.003125 0.005556
7 0.284836 0.663934 0.003125 0.005556
7 0.672900 0.470401 0.003125 0.005556
7 0.654969 0.611566 0.003125 0.005556
8 0.160605 0.521630 0.003125 0.005556
8 0.185579 0.685565 0.003125 0.005556
8 0.344390 0.662796 0.003125 0.005556
8 0.686988 0.683288 0.003125 0.005556
8 0.688909 0.536430 0.003125 0.005556
