4 0.144915 0.482354 0.013448 0.037568
4 0.419954 0.500000 0.021773 0.025046
4 0.504483 0.648566 0.026895 0.021630
4 0.632236 0.482923 0.022413 0.025046
4 0.717405 0.662227 0.023694 0.028461
7 0.168289 0.452186 0.003125 0.005556
7 0.407147 0.473816 0.003125 0.005556
7 0.468622 0.637750 0.003125 0.005556
7 0.605661 0.481785 0.003125 0.005556
7 0.683145 0.640027 0.003125 0.005556
8 0.161245 0.521630 0.003125 0.005556
8 0.444288 0.497723 0.003125 0.005556
8 0.528176 0.637750 0.003125 0.005556
8 0.646644 0.477231 0.003125 0.005556
8 0.725410 0.638889 0.003125 0.005556
