4 0.193904 0.595059 0.014088 0.039845
4 0.365202 0.581967 0.016009 0.036430
4 0.418353 0.397541 0.018571 0.022769
4 0.619429 0.377618 0.021132 0.026184
4 0.707159 0.587659 0.022413 0.029599
7 0.221440 0.567168 0.003125 0.005556
7 0.371286 0.559199 0.003125 0.005556
7 0.402664 0.427140 0.003125 0.005556
7 0.594134 0.418033 0.003125 0.005556
7 0.672900 0.572860 0.003125 0.005556
8 0.212474 0.659381 0.003125 0.005556
8 0.384093 0.632058 0.003125 0.005556
8 0.440446 0.445355 0.003125 0.005556
8 0.635758 0.419171 0.003125 0.005556
8 0.717085 0.569444 0.003125 0.005556
