4 0.130507 0.608720 0.014088 0.042122
4 0.310451 0.399249 0.019211 0.023907
4 0.406506 0.634335 0.025615 0.025046
4 0.561155 0.449909 0.021132 0.022769
4 0.706839 0.592213 0.023053 0.022769
7 0.152280 0.568306 0.003125 0.005556
7 0.295722 0.449909 0.003125 0.005556
7 0.387295 0.608151 0.003125 0.005556
7 0.531378 0.443078 0.003125 0.005556
7 0.672259 0.572860 0.003125 0.005556
8 0.150999 0.665073 0.003125 0.005556
8 0.335425 0.446494 0.003125 0.005556
8 0.425077 0.602459 0.003125 0.005556
8 0.573642 0.449909 0.003125 0.005556
8 0.716445 0.571721 0.003125 0.005556
