4 0.138192 0.657104 0.019211 0.043260
4 0.181416 0.475524 0.022413 0.023907
4 0.292520 0.663365 0.017930 0.039845
4 0.605661 0.643443 0.023053 0.025046
4 0.718366 0.500569 0.023053 0.023907
7 0.158683 0.517077 0.003125 0.005556
7 0.161245 0.638889 0.003125 0.005556
7 0.301486 0.607013 0.003125 0.005556
7 0.566598 0.624089 0.003125 0.005556
7 0.682505 0.480647 0.003125 0.005556
8 0.214395 0.495446 0.003125 0.005556
8 0.165727 0.709472 0.003125 0.005556
8 0.309810 0.704918 0.003125 0.005556
8 0.622310 0.619536 0.003125 0.005556
8 0.721568 0.478370 0.003125 0.005556
