4 0.180456 0.480647 0.021773 0.020492
4 0.138832 0.661088 0.015369 0.039845
4 0.292841 0.666781 0.017290 0.042122
4 0.489114 0.647996 0.025615 0.029599
4 0.714203 0.665642 0.024974 0.023907
7 0.158043 0.642304 0.003125 0.005556
7 0.158043 0.522769 0.003125 0.005556
7 0.302766 0.612705 0.003125 0.005556
7 0.456455 0.634335 0.003125 0.005556
7 0.680584 0.624089 0.003125 0.005556
8 0.215036 0.500000 0.003125 0.005556
8 0.167649 0.719718 0.003125 0.005556
8 0.313012 0.714026 0.003125 0.005556
8 0.512807 0.629781 0.003125 0.005556
8 0.724769 0.647996 0.003125 0.005556
