4 0.253458 0.521061 0.017930 0.033015
4 0.155802 0.674180 0.021132 0.029599
4 0.491355 0.656535 0.023694 0.028461
4 0.515049 0.492600 0.017290 0.035291
4 0.716124 0.669627 0.026255 0.020492
7 0.161885 0.651412 0.003125 0.005556
7 0.256660 0.482923 0.003125 0.005556
7 0.456455 0.637750 0.003125 0.005556
7 0.510246 0.453324 0.003125 0.005556
7 0.683145 0.630920 0.003125 0.005556
8 0.199027 0.698087 0.003125 0.005556
8 0.280994 0.552368 0.003125 0.005556
8 0.514088 0.635474 0.003125 0.005556
8 0.538422 0.520492 0.003125 0.005556
8 0.727971 0.650273 0.003125 0.005556
