4 0.156762 0.673611 0.024334 0.033015
4 0.254098 0.521630 0.017930 0.038707
4 0.329342 0.679872 0.024974 0.025046
4 0.638640 0.481785 0.013448 0.036430
4 0.717405 0.670196 0.023694 0.030738
7 0.162526 0.646858 0.003125 0.005556
7 0.259221 0.485200 0.003125 0.005556
7 0.302126 0.666211 0.003125 0.005556
7 0.640881 0.447632 0.003125 0.005556
7 0.683786 0.627505 0.003125 0.005556
8 0.199027 0.700364 0.003125 0.005556
8 0.279713 0.550091 0.003125 0.005556
8 0.357838 0.666211 0.003125 0.005556
8 0.647285 0.536430 0.003125 0.005556
8 0.727331 0.650273 0.003125 0.005556
