4 0.143315 0.588229 0.012807 0.042122
4 0.318455 0.715164 0.024974 0.031876
4 0.506724 0.679303 0.023694 0.030738
4 0.639921 0.482923 0.014728 0.036430
4 0.718366 0.670196 0.024334 0.028461
7 0.170210 0.554645 0.003125 0.005556
7 0.301486 0.670765 0.003125 0.005556
7 0.473745 0.663934 0.003125 0.005556
7 0.640881 0.446494 0.003125 0.005556
7 0.683145 0.628643 0.003125 0.005556
8 0.161885 0.653689 0.003125 0.005556
8 0.361040 0.667350 0.003125 0.005556
8 0.528817 0.662796 0.003125 0.005556
8 0.646644 0.536430 0.003125 0.005556
8 0.729892 0.647996 0.003125 0.005556
