4 0.162526 0.522199 0.021773 0.023907
4 0.191342 0.687842 0.024334 0.025046
4 0.405546 0.697518 0.023694 0.028461
4 0.576204 0.665642 0.016650 0.037568
4 0.718686 0.678165 0.023694 0.026184
7 0.148996 0.511905 0.003125 0.005556
7 0.192522 0.651786 0.003125 0.005556
7 0.373884 0.667659 0.003125 0.005556
7 0.571987 0.630952 0.003125 0.005556
7 0.685268 0.631944 0.003125 0.005556
8 0.203683 0.510913 0.003125 0.005556
8 0.244420 0.677579 0.003125 0.005556
8 0.430804 0.667659 0.003125 0.005556
8 0.591518 0.710317 0.003125 0.005556
8 0.731027 0.651786 0.003125 0.005556
