4 0.167008 0.490893 0.015369 0.036430
4 0.159964 0.670765 0.014088 0.036430
4 0.335105 0.666781 0.014728 0.048953
4 0.609823 0.518215 0.023694 0.022769
4 0.723489 0.680442 0.024334 0.023907
7 0.197106 0.490893 0.003125 0.005556
7 0.184298 0.629781 0.003125 0.005556
7 0.352715 0.646858 0.003125 0.005556
7 0.571081 0.498862 0.003125 0.005556
7 0.690830 0.632058 0.003125 0.005556
8 0.191342 0.558060 0.003125 0.005556
8 0.172772 0.732240 0.003125 0.005556
8 0.348873 0.724271 0.003125 0.005556
8 0.622310 0.495446 0.003125 0.005556
8 0.735015 0.657104 0.003125 0.005556
