4 0.288998 0.533584 0.022413 0.019353
4 0.334465 0.669057 0.013448 0.042122
4 0.455174 0.669627 0.015369 0.038707
4 0.606942 0.518215 0.020492 0.025046
4 0.724449 0.681580 0.024974 0.021630
7 0.275231 0.509107 0.003125 0.005556
7 0.352075 0.646858 0.003125 0.005556
7 0.450692 0.622951 0.003125 0.005556
7 0.569800 0.501138 0.003125 0.005556
7 0.687628 0.636612 0.003125 0.005556
8 0.329662 0.511384 0.003125 0.005556
8 0.348873 0.725410 0.003125 0.005556
8 0.478227 0.693534 0.003125 0.005556
8 0.622951 0.496585 0.003125 0.005556
8 0.734375 0.655965 0.003125 0.005556
