4 0.176934 0.683857 0.024974 0.019353
4 0.289959 0.506261 0.016650 0.035291
4 0.457095 0.663934 0.019211 0.036430
4 0.608543 0.517077 0.021132 0.027322
4 0.725410 0.681580 0.024334 0.023907
7 0.167008 0.653689 0.003125 0.005556
7 0.302766 0.485200 0.003125 0.005556
7 0.448770 0.619536 0.003125 0.005556
7 0.568519 0.497723 0.003125 0.005556
7 0.690830 0.634335 0.003125 0.005556
8 0.222720 0.650273 0.003125 0.005556
8 0.313012 0.553506 0.003125 0.005556
8 0.478868 0.693534 0.003125 0.005556
8 0.623591 0.497723 0.003125 0.005556
8 0.733094 0.655965 0.003125 0.005556
