4 0.174372 0.679872 0.028817 0.025046
4 0.398822 0.481785 0.019211 0.034153
4 0.455174 0.671334 0.017930 0.035291
4 0.634477 0.674750 0.023053 0.035291
4 0.714524 0.489185 0.020492 0.028461
7 0.166368 0.651412 0.003125 0.005556
7 0.397541 0.459016 0.003125 0.005556
7 0.448130 0.616120 0.003125 0.005556
7 0.604380 0.643443 0.003125 0.005556
7 0.676101 0.478370 0.003125 0.005556
8 0.221440 0.649135 0.003125 0.005556
8 0.424436 0.528461 0.003125 0.005556
8 0.476306 0.695811 0.003125 0.005556
8 0.652408 0.692395 0.003125 0.005556
8 0.728612 0.474954 0.003125 0.005556
