4 0.122182 0.518215 0.015369 0.043260
4 0.129547 0.678734 0.014728 0.040984
4 0.324859 0.675319 0.014728 0.040984
4 0.382172 0.515369 0.015369 0.033015
4 0.719647 0.496585 0.023053 0.025046
7 0.156122 0.641166 0.003125 0.005556
7 0.150999 0.478370 0.003125 0.005556
7 0.341189 0.635474 0.003125 0.005556
7 0.397541 0.493169 0.003125 0.005556
7 0.681865 0.482923 0.003125 0.005556
8 0.137551 0.571721 0.003125 0.005556
8 0.147797 0.744763 0.003125 0.005556
8 0.335425 0.735656 0.003125 0.005556
8 0.412910 0.564891 0.003125 0.005556
8 0.731814 0.481785 0.003125 0.005556
