4 0.133709 0.525615 0.014088 0.035291
4 0.141073 0.690688 0.014728 0.042122
4 0.424757 0.545537 0.019851 0.027322
4 0.606301 0.700934 0.020492 0.023907
4 0.729252 0.503985 0.023053 0.023907
7 0.158043 0.487477 0.003125 0.005556
7 0.167649 0.654827 0.003125 0.005556
7 0.394980 0.550091 0.003125 0.005556
7 0.563397 0.683288 0.003125 0.005556
7 0.688909 0.489754 0.003125 0.005556
8 0.148437 0.580829 0.003125 0.005556
8 0.156122 0.757286 0.003125 0.005556
8 0.448770 0.546676 0.003125 0.005556
8 0.635118 0.682149 0.003125 0.005556
8 0.743340 0.486339 0.003125 0.005556
