4 0.132428 0.527322 0.015369 0.031876
4 0.140753 0.688980 0.014088 0.045537
4 0.351434 0.683288 0.011527 0.040984
4 0.605341 0.698087 0.023694 0.022769
4 0.730853 0.500569 0.021132 0.021630
7 0.156762 0.490893 0.003125 0.005556
7 0.167649 0.654827 0.003125 0.005556
7 0.367444 0.640027 0.003125 0.005556
7 0.565318 0.685565 0.003125 0.005556
7 0.690190 0.489754 0.003125 0.005556
8 0.145236 0.580829 0.003125 0.005556
8 0.156122 0.755009 0.003125 0.005556
8 0.362321 0.748179 0.003125 0.005556
8 0.636399 0.682149 0.003125 0.005556
8 0.741419 0.486339 0.003125 0.005556
