4 0.136270 0.701503 0.011527 0.038707
4 0.341509 0.536430 0.018571 0.040984
4 0.345031 0.697518 0.021773 0.023907
4 0.562756 0.527322 0.020492 0.022769
4 0.643122 0.737933 0.022413 0.034153
7 0.165727 0.662796 0.003125 0.005556
7 0.342469 0.492031 0.003125 0.005556
7 0.319416 0.685565 0.003125 0.005556
7 0.529457 0.518215 0.003125 0.005556
7 0.621030 0.679872 0.003125 0.005556
8 0.154201 0.768670 0.003125 0.005556
8 0.365523 0.586521 0.003125 0.005556
8 0.391778 0.685565 0.003125 0.005556
8 0.583248 0.514800 0.003125 0.005556
8 0.669698 0.759563 0.003125 0.005556
