4 0.235528 0.534722 0.019211 0.023907
4 0.251217 0.703210 0.013448 0.046676
4 0.420274 0.700364 0.021132 0.025046
4 0.642162 0.740209 0.023053 0.034153
4 0.745261 0.540414 0.023053 0.033015
7 0.220159 0.520492 0.003125 0.005556
7 0.266265 0.663934 0.003125 0.005556
7 0.391137 0.685565 0.003125 0.005556
7 0.619749 0.681011 0.003125 0.005556
7 0.732454 0.515938 0.003125 0.005556
8 0.272029 0.540984 0.003125 0.005556
8 0.268827 0.766393 0.003125 0.005556
8 0.462218 0.684426 0.003125 0.005556
8 0.668417 0.758424 0.003125 0.005556
8 0.766393 0.584244 0.003125 0.005556
