4 0.258261 0.527322 0.014728 0.040984
4 0.255699 0.704918 0.017290 0.043260
4 0.468942 0.514230 0.012167 0.037568
4 0.643443 0.741348 0.025615 0.036430
4 0.750064 0.544399 0.026255 0.036430
7 0.278432 0.498862 0.003125 0.005556
7 0.267546 0.663934 0.003125 0.005556
7 0.479508 0.496585 0.003125 0.005556
7 0.624232 0.682149 0.003125 0.005556
7 0.736296 0.514800 0.003125 0.005556
8 0.272669 0.595628 0.003125 0.005556
8 0.273309 0.766393 0.003125 0.005556
8 0.479508 0.589936 0.003125 0.005556
8 0.673540 0.760701 0.003125 0.005556
8 0.772157 0.585383 0.003125 0.005556
