4 0.171491 0.671903 0.014088 0.043260
4 0.248975 0.525615 0.016650 0.035291
4 0.342149 0.682149 0.013448 0.043260
4 0.639921 0.721425 0.021132 0.035291
4 0.740779 0.519923 0.021773 0.035291
7 0.202869 0.665073 0.003125 0.005556
7 0.273950 0.496585 0.003125 0.005556
7 0.360400 0.660519 0.003125 0.005556
7 0.616547 0.667350 0.003125 0.005556
7 0.726691 0.494308 0.003125 0.005556
8 0.199667 0.742486 0.003125 0.005556
8 0.266906 0.591075 0.003125 0.005556
8 0.359119 0.760701 0.003125 0.005556
8 0.667136 0.739071 0.003125 0.005556
8 0.761911 0.560337 0.003125 0.005556
