4 0.175653 0.636043 0.013448 0.042122
4 0.407787 0.667350 0.015369 0.036430
4 0.471504 0.482354 0.013448 0.042122
4 0.637359 0.699226 0.024974 0.034153
4 0.737897 0.503415 0.022413 0.031876
7 0.207351 0.633197 0.003125 0.005556
7 0.418673 0.627505 0.003125 0.005556
7 0.487833 0.464709 0.003125 0.005556
7 0.614626 0.645719 0.003125 0.005556
7 0.726050 0.479508 0.003125 0.005556
8 0.200948 0.710610 0.003125 0.005556
8 0.415471 0.728825 0.003125 0.005556
8 0.485912 0.554645 0.003125 0.005556
8 0.664575 0.720856 0.003125 0.005556
8 0.760630 0.547814 0.003125 0.005556
