4 0.253458 0.509107 0.019211 0.020492
4 0.238409 0.693534 0.027536 0.022769
4 0.472464 0.480647 0.014088 0.040984
4 0.637039 0.699795 0.025615 0.035291
4 0.741419 0.505692 0.026895 0.038707
7 0.248975 0.493169 0.003125 0.005556
7 0.247695 0.677596 0.003125 0.005556
7 0.487193 0.464709 0.003125 0.005556
7 0.615907 0.644581 0.003125 0.005556
7 0.724769 0.482923 0.003125 0.005556
8 0.285476 0.512523 0.003125 0.005556
8 0.288678 0.681011 0.003125 0.005556
8 0.487193 0.555783 0.003125 0.005556
8 0.665856 0.720856 0.003125 0.005556
8 0.761270 0.546676 0.003125 0.005556
