4 0.163486 0.501138 0.017290 0.029599
4 0.135630 0.695811 0.024334 0.034153
4 0.472784 0.488046 0.016009 0.042122
4 0.639280 0.703780 0.023694 0.031876
4 0.741099 0.506831 0.024974 0.038707
7 0.170210 0.481785 0.003125 0.005556
7 0.134990 0.668488 0.003125 0.005556
7 0.488473 0.470401 0.003125 0.005556
7 0.618468 0.647996 0.003125 0.005556
7 0.726691 0.482923 0.003125 0.005556
8 0.190702 0.548953 0.003125 0.005556
8 0.189421 0.718579 0.003125 0.005556
8 0.489114 0.562614 0.003125 0.005556
8 0.668417 0.720856 0.003125 0.005556
8 0.761911 0.553506 0.003125 0.005556
