4 0.150679 0.694103 0.016009 0.044399
4 0.348573 0.482527 0.017330 0.037914
4 0.647285 0.699226 0.023053 0.034153
4 0.747182 0.506831 0.019211 0.034153
7 0.170210 0.665073 0.003125 0.005556
7 0.298284 0.657104 0.003125 0.005556
7 0.622310 0.642304 0.003125 0.005556
7 0.731814 0.476093 0.003125 0.005556
8 0.175973 0.740209 0.003125 0.005556
8 0.370645 0.654827 0.003125 0.005556
8 0.374488 0.537568 0.003125 0.005556
8 0.672259 0.715164 0.003125 0.005556
8 0.768955 0.546676 0.003125 0.005556
7 0.344718 0.468542 0.003125 0.005556
4 0.324041 0.668561 0.023082 0.022727
