4 0.205430 0.538707 0.023053 0.020492
4 0.323899 0.670765 0.025615 0.022769
4 0.506724 0.515938 0.021132 0.029599
4 0.645684 0.698087 0.024974 0.036430
4 0.746542 0.503415 0.024334 0.031876
7 0.197746 0.520492 0.003125 0.005556
7 0.298284 0.660519 0.003125 0.005556
7 0.491675 0.486339 0.003125 0.005556
7 0.622951 0.646858 0.003125 0.005556
7 0.732454 0.477231 0.003125 0.005556
8 0.250256 0.544399 0.003125 0.005556
8 0.367444 0.654827 0.003125 0.005556
8 0.534580 0.554645 0.003125 0.005556
8 0.671619 0.721995 0.003125 0.005556
8 0.768955 0.546676 0.003125 0.005556
