4 0.157082 0.755578 0.022413 0.026184
4 0.308210 0.497723 0.022413 0.022769
4 0.508645 0.518215 0.021132 0.034153
4 0.747777 0.506018 0.024243 0.033501
4 0.646004 0.701503 0.023053 0.031876
7 0.149718 0.740209 0.003125 0.005556
7 0.280353 0.495446 0.003125 0.005556
7 0.492316 0.487477 0.003125 0.005556
7 0.623591 0.644581 0.003125 0.005556
7 0.732454 0.478370 0.003125 0.005556
8 0.207351 0.740209 0.003125 0.005556
8 0.346952 0.495446 0.003125 0.005556
8 0.536501 0.552368 0.003125 0.005556
8 0.674180 0.720856 0.003125 0.005556
8 0.768955 0.547814 0.003125 0.005556
