4 0.395940 0.546107 0.019851 0.026184
4 0.377369 0.679872 0.022413 0.025046
4 0.568199 0.503415 0.018571 0.027322
4 0.650166 0.703780 0.023694 0.036430
4 0.751985 0.510246 0.023694 0.036430
7 0.377049 0.540984 0.003125 0.005556
7 0.342469 0.663934 0.003125 0.005556
7 0.535861 0.494308 0.003125 0.005556
7 0.626793 0.652550 0.003125 0.005556
7 0.736936 0.489754 0.003125 0.005556
8 0.430200 0.542122 0.003125 0.005556
8 0.416752 0.662796 0.003125 0.005556
8 0.590292 0.490893 0.003125 0.005556
8 0.676742 0.724271 0.003125 0.005556
8 0.770876 0.550091 0.003125 0.005556
