4 0.149398 0.595059 0.013448 0.039845
4 0.377690 0.678165 0.023053 0.021630
4 0.567239 0.505692 0.023053 0.022769
4 0.650807 0.706626 0.026255 0.037568
4 0.750384 0.511384 0.019211 0.038707
7 0.186219 0.556922 0.003125 0.005556
7 0.343110 0.665073 0.003125 0.005556
7 0.537141 0.493169 0.003125 0.005556
7 0.628714 0.654827 0.003125 0.005556
7 0.736296 0.485200 0.003125 0.005556
8 0.172131 0.673042 0.003125 0.005556
8 0.414831 0.662796 0.003125 0.005556
8 0.591220 0.491635 0.003125 0.005556
8 0.771884 0.550821 0.003125 0.005556
8 0.677335 0.726010 0.003125 0.005556
