4 0.244173 0.498862 0.013448 0.040984
4 0.264024 0.715164 0.022413 0.029599
4 0.568519 0.507400 0.021773 0.023907
4 0.649526 0.707195 0.023694 0.040984
4 0.751985 0.511384 0.022413 0.034153
7 0.270748 0.486339 0.003125 0.005556
7 0.243212 0.695811 0.003125 0.005556
7 0.537141 0.492031 0.003125 0.005556
7 0.629995 0.654827 0.003125 0.005556
7 0.737577 0.482923 0.003125 0.005556
8 0.267546 0.550091 0.003125 0.005556
8 0.301486 0.692395 0.003125 0.005556
8 0.591573 0.492031 0.003125 0.005556
8 0.678023 0.729964 0.003125 0.005556
8 0.774078 0.554645 0.003125 0.005556
