4 0.148437 0.571721 0.016650 0.038707
4 0.397221 0.667919 0.013448 0.039845
4 0.574603 0.499431 0.021132 0.026184
4 0.656250 0.699226 0.025615 0.036430
4 0.758389 0.502846 0.024974 0.037568
7 0.179175 0.544399 0.003125 0.005556
7 0.421875 0.629781 0.003125 0.005556
7 0.542905 0.484062 0.003125 0.005556
7 0.635758 0.643443 0.003125 0.005556
7 0.740779 0.478370 0.003125 0.005556
8 0.168289 0.637750 0.003125 0.005556
8 0.421235 0.731102 0.003125 0.005556
8 0.594775 0.481785 0.003125 0.005556
8 0.679944 0.719718 0.003125 0.005556
8 0.777280 0.547814 0.003125 0.005556
