4 0.198386 0.578552 0.021773 0.038707
4 0.398502 0.665642 0.016009 0.037568
4 0.576524 0.498292 0.019851 0.021630
4 0.656890 0.699226 0.024334 0.031876
4 0.758069 0.503985 0.023053 0.033015
7 0.221440 0.539845 0.003125 0.005556
7 0.421235 0.630920 0.003125 0.005556
7 0.543545 0.486339 0.003125 0.005556
7 0.637039 0.644581 0.003125 0.005556
7 0.742700 0.478370 0.003125 0.005556
8 0.225922 0.636612 0.003125 0.005556
8 0.421235 0.729964 0.003125 0.005556
8 0.597976 0.485200 0.003125 0.005556
8 0.683786 0.718579 0.003125 0.005556
8 0.778560 0.548953 0.003125 0.005556
