11 0.200159 0.686793 0.041956 0.060442
11 0.369430 0.506109 0.033275 0.059156
11 0.592954 0.538259 0.034722 0.056584
11 0.747034 0.731160 0.046296 0.069444
7 0.245009 0.650141 0.003125 0.005556
7 0.401982 0.481674 0.003125 0.005556
7 0.546658 0.502251 0.003125 0.005556
7 0.684100 0.682292 0.003125 0.005556
8 0.240668 0.700296 0.003125 0.005556
8 0.400535 0.525399 0.003125 0.005556
8 0.586444 0.497106 0.003125 0.005556
8 0.725333 0.678434 0.003125 0.005556
9 0.236328 0.754308 0.003125 0.005556
9 0.400535 0.572981 0.003125 0.005556
9 0.615379 0.497106 0.003125 0.005556
9 0.755715 0.677148 0.003125 0.005556
