11 0.137225 0.694509 0.040509 0.057870
11 0.335069 0.457883 0.029659 0.060442
11 0.536531 0.580697 0.034722 0.064300
11 0.730758 0.577482 0.041233 0.060442
7 0.199436 0.650141 0.003125 0.005556
7 0.320240 0.531829 0.003125 0.005556
7 0.564742 0.566551 0.003125 0.005556
7 0.670356 0.539545 0.003125 0.005556
8 0.195819 0.704154 0.003125 0.005556
8 0.346282 0.530543 0.003125 0.005556
8 0.566913 0.639853 0.003125 0.005556
8 0.713035 0.535687 0.003125 0.005556
9 0.191479 0.756880 0.003125 0.005556
9 0.373770 0.527971 0.003125 0.005556
9 0.554615 0.665574 0.003125 0.005556
9 0.739800 0.534401 0.003125 0.005556
