11 0.138310 0.693866 0.042679 0.059156
11 0.377025 0.479745 0.035446 0.063014
11 0.537977 0.583912 0.033275 0.065586
11 0.731481 0.580054 0.042679 0.063014
7 0.201606 0.651427 0.003125 0.005556
7 0.415003 0.480388 0.003125 0.005556
7 0.564742 0.566551 0.003125 0.005556
7 0.671803 0.538259 0.003125 0.005556
8 0.195095 0.702868 0.003125 0.005556
8 0.415003 0.526685 0.003125 0.005556
8 0.568359 0.639853 0.003125 0.005556
8 0.712312 0.536973 0.003125 0.005556
9 0.190032 0.753022 0.003125 0.005556
9 0.399812 0.574267 0.003125 0.005556
9 0.554615 0.663002 0.003125 0.005556
9 0.739800 0.533115 0.003125 0.005556
