11 0.149523 0.677148 0.044850 0.064300
11 0.220052 0.503537 0.039786 0.059156
11 0.433087 0.742091 0.031829 0.063014
11 0.731120 0.581340 0.043403 0.065586
9 0.192202 0.753022 0.003125 0.005556
9 0.263093 0.579411 0.003125 0.005556
9 0.456236 0.686150 0.003125 0.005556
9 0.740524 0.536973 0.003125 0.005556
7 0.214627 0.652713 0.003125 0.005556
7 0.269604 0.485532 0.003125 0.005556
7 0.401259 0.693866 0.003125 0.005556
7 0.675420 0.538259 0.003125 0.005556
8 0.207393 0.702868 0.003125 0.005556
8 0.266710 0.534401 0.003125 0.005556
8 0.428024 0.693866 0.003125 0.005556
8 0.715205 0.534401 0.003125 0.005556
