11 0.191479 0.523470 0.039062 0.057870
11 0.433449 0.743377 0.029659 0.060442
11 0.667101 0.739519 0.039786 0.057870
11 0.731481 0.581340 0.041233 0.060442
7 0.243562 0.485532 0.003125 0.005556
7 0.398365 0.699010 0.003125 0.005556
7 0.614656 0.686150 0.003125 0.005556
7 0.672526 0.542117 0.003125 0.005556
8 0.239222 0.539545 0.003125 0.005556
8 0.428024 0.696438 0.003125 0.005556
8 0.642144 0.683578 0.003125 0.005556
8 0.710142 0.533115 0.003125 0.005556
9 0.234158 0.580697 0.003125 0.005556
9 0.459129 0.691294 0.003125 0.005556
9 0.668909 0.683578 0.003125 0.005556
9 0.739077 0.539545 0.003125 0.005556
