11 0.079355 0.691937 0.040509 0.060442
11 0.422960 0.494534 0.034722 0.064300
11 0.667824 0.740805 0.041233 0.060442
11 0.732205 0.581340 0.039786 0.065586
7 0.145906 0.655285 0.003125 0.005556
7 0.456236 0.488104 0.003125 0.005556
7 0.613932 0.691294 0.003125 0.005556
7 0.672526 0.543403 0.003125 0.005556
8 0.137948 0.708012 0.003125 0.005556
8 0.456236 0.525399 0.003125 0.005556
8 0.642144 0.688722 0.003125 0.005556
8 0.714482 0.539545 0.003125 0.005556
9 0.132885 0.756880 0.003125 0.005556
9 0.455512 0.572981 0.003125 0.005556
9 0.671803 0.681006 0.003125 0.005556
9 0.738354 0.534401 0.003125 0.005556
