11 0.149884 0.694509 0.039786 0.060442
11 0.336516 0.446952 0.028212 0.056584
11 0.665292 0.741448 0.039062 0.061728
11 0.730396 0.583269 0.043403 0.061728
7 0.203053 0.652713 0.003125 0.005556
7 0.322410 0.542117 0.003125 0.005556
7 0.614656 0.687436 0.003125 0.005556
7 0.676866 0.539545 0.003125 0.005556
8 0.199436 0.702868 0.003125 0.005556
8 0.347005 0.535687 0.003125 0.005556
8 0.642144 0.688722 0.003125 0.005556
8 0.715929 0.538259 0.003125 0.005556
9 0.741970 0.534401 0.003125 0.005556
9 0.672526 0.681006 0.003125 0.005556
9 0.373047 0.529257 0.003125 0.005556
9 0.189308 0.756880 0.003125 0.005556
