11 0.148799 0.695795 0.041956 0.063014
11 0.458767 0.439236 0.031105 0.059156
11 0.666739 0.738876 0.041956 0.061728
11 0.731843 0.582626 0.043403 0.060442
9 0.190755 0.756880 0.003125 0.005556
9 0.483001 0.524113 0.003125 0.005556
9 0.671079 0.682292 0.003125 0.005556
9 0.742694 0.536973 0.003125 0.005556
7 0.205223 0.647569 0.003125 0.005556
7 0.428747 0.527971 0.003125 0.005556
7 0.613932 0.682292 0.003125 0.005556
7 0.672526 0.540831 0.003125 0.005556
8 0.197989 0.708012 0.003125 0.005556
8 0.456236 0.529257 0.003125 0.005556
8 0.643591 0.683578 0.003125 0.005556
8 0.713035 0.540831 0.003125 0.005556
