11 0.149161 0.695152 0.044126 0.061728
11 0.505064 0.499035 0.036892 0.063014
11 0.667824 0.741448 0.041233 0.064300
11 0.731843 0.582626 0.041956 0.060442
9 0.192925 0.750450 0.003125 0.005556
9 0.536531 0.571695 0.003125 0.005556
9 0.739077 0.538259 0.003125 0.005556
9 0.671079 0.675862 0.003125 0.005556
8 0.198712 0.705440 0.003125 0.005556
8 0.535807 0.525399 0.003125 0.005556
8 0.642144 0.683578 0.003125 0.005556
8 0.713035 0.539545 0.003125 0.005556
7 0.204499 0.655285 0.003125 0.005556
7 0.535807 0.477816 0.003125 0.005556
7 0.613932 0.688722 0.003125 0.005556
7 0.673973 0.540831 0.003125 0.005556
