11 0.149884 0.695795 0.042679 0.060442
11 0.356771 0.511896 0.036892 0.060442
11 0.668547 0.742091 0.041233 0.060442
11 0.732928 0.583269 0.042679 0.061728
7 0.203776 0.648855 0.003125 0.005556
7 0.403429 0.486818 0.003125 0.005556
7 0.613209 0.688722 0.003125 0.005556
7 0.674696 0.542117 0.003125 0.005556
8 0.197989 0.706726 0.003125 0.005556
8 0.402705 0.536973 0.003125 0.005556
8 0.644314 0.682292 0.003125 0.005556
8 0.713759 0.539545 0.003125 0.005556
9 0.192202 0.754308 0.003125 0.005556
9 0.403429 0.572981 0.003125 0.005556
9 0.671079 0.681006 0.003125 0.005556
9 0.741970 0.536973 0.003125 0.005556
