11 0.148799 0.696438 0.041956 0.066872
11 0.315900 0.474601 0.036169 0.068158
11 0.668909 0.743377 0.041956 0.063014
11 0.732567 0.581983 0.043403 0.066872
9 0.195095 0.756880 0.003125 0.005556
9 0.321687 0.552405 0.003125 0.005556
9 0.672526 0.681006 0.003125 0.005556
9 0.737630 0.538259 0.003125 0.005556
8 0.200883 0.706726 0.003125 0.005556
8 0.351345 0.535687 0.003125 0.005556
8 0.642867 0.681006 0.003125 0.005556
8 0.713035 0.542117 0.003125 0.005556
7 0.673249 0.542117 0.003125 0.005556
7 0.612486 0.692580 0.003125 0.005556
7 0.365090 0.488104 0.003125 0.005556
7 0.205223 0.653999 0.003125 0.005556
