11 0.300709 0.608989 0.034722 0.054012
11 0.460938 0.706726 0.029659 0.051440
11 0.621166 0.526042 0.036169 0.047582
11 0.785735 0.707369 0.044126 0.068158
9 0.797671 0.657858 0.003125 0.005556
9 0.617549 0.494534 0.003125 0.005556
9 0.485543 0.693423 0.003125 0.005556
9 0.346282 0.552405 0.003125 0.005556
8 0.323134 0.552405 0.003125 0.005556
8 0.455512 0.670718 0.003125 0.005556
8 0.603805 0.498392 0.003125 0.005556
8 0.770182 0.660430 0.003125 0.005556
7 0.281178 0.561407 0.003125 0.005556
7 0.428024 0.672004 0.003125 0.005556
7 0.576317 0.498392 0.003125 0.005556
7 0.726056 0.661716 0.003125 0.005556
