11 0.157480 0.686793 0.043403 0.055298
11 0.301794 0.613490 0.031105 0.060442
11 0.621528 0.529257 0.035446 0.043724
11 0.786820 0.708655 0.043403 0.068158
9 0.796224 0.651427 0.003125 0.005556
9 0.630570 0.499678 0.003125 0.005556
9 0.349175 0.556263 0.003125 0.005556
9 0.208116 0.764596 0.003125 0.005556
8 0.211010 0.708012 0.003125 0.005556
8 0.319517 0.557549 0.003125 0.005556
8 0.603805 0.500965 0.003125 0.005556
8 0.770182 0.653999 0.003125 0.005556
7 0.218244 0.656572 0.003125 0.005556
7 0.281178 0.560121 0.003125 0.005556
7 0.574870 0.502251 0.003125 0.005556
7 0.728226 0.660430 0.003125 0.005556
