11 0.167969 0.691294 0.041233 0.056584
11 0.361834 0.693223 0.039786 0.057870
11 0.620443 0.529900 0.036169 0.042438
11 0.783203 0.710584 0.044850 0.064300
7 0.216797 0.656572 0.003125 0.005556
7 0.400535 0.647569 0.003125 0.005556
7 0.574870 0.504823 0.003125 0.005556
7 0.724609 0.663002 0.003125 0.005556
8 0.213903 0.706726 0.003125 0.005556
8 0.398365 0.706726 0.003125 0.005556
8 0.604528 0.503537 0.003125 0.005556
8 0.770182 0.659144 0.003125 0.005556
9 0.205946 0.764596 0.003125 0.005556
9 0.397642 0.747878 0.003125 0.005556
9 0.629847 0.502251 0.003125 0.005556
9 0.799117 0.663002 0.003125 0.005556
