11 0.225839 0.511253 0.038339 0.054012
11 0.363281 0.695152 0.039786 0.059156
11 0.622613 0.528614 0.034722 0.045010
11 0.787182 0.709941 0.044126 0.063014
9 0.797671 0.657858 0.003125 0.005556
9 0.628400 0.503537 0.003125 0.005556
9 0.398365 0.744020 0.003125 0.005556
9 0.263817 0.580697 0.003125 0.005556
8 0.269604 0.538259 0.003125 0.005556
8 0.401259 0.701582 0.003125 0.005556
8 0.605252 0.504823 0.003125 0.005556
8 0.770182 0.659144 0.003125 0.005556
7 0.729673 0.665574 0.003125 0.005556
7 0.577040 0.506109 0.003125 0.005556
7 0.403429 0.648855 0.003125 0.005556
7 0.274667 0.489390 0.003125 0.005556
