11 0.222584 0.518326 0.040509 0.057870
11 0.246455 0.690008 0.040509 0.059156
11 0.622975 0.531186 0.036892 0.045010
11 0.787905 0.711227 0.045573 0.068158
7 0.271774 0.491962 0.003125 0.005556
7 0.289135 0.656572 0.003125 0.005556
7 0.577763 0.506109 0.003125 0.005556
7 0.727503 0.660430 0.003125 0.005556
8 0.265987 0.538259 0.003125 0.005556
8 0.284071 0.706726 0.003125 0.005556
8 0.615379 0.503537 0.003125 0.005556
8 0.765842 0.666860 0.003125 0.005556
9 0.801288 0.660430 0.003125 0.005556
9 0.632017 0.507395 0.003125 0.005556
9 0.279731 0.756880 0.003125 0.005556
9 0.265263 0.583269 0.003125 0.005556
