11 0.246455 0.690651 0.040509 0.057870
11 0.429109 0.692580 0.039786 0.059156
11 0.622975 0.529257 0.035446 0.048868
11 0.787543 0.711227 0.044850 0.063014
7 0.289135 0.651427 0.003125 0.005556
7 0.471427 0.647569 0.003125 0.005556
7 0.577763 0.504823 0.003125 0.005556
7 0.725333 0.663002 0.003125 0.005556
8 0.284795 0.702868 0.003125 0.005556
8 0.469980 0.699010 0.003125 0.005556
8 0.606698 0.500965 0.003125 0.005556
8 0.768012 0.663002 0.003125 0.005556
9 0.284071 0.758166 0.003125 0.005556
9 0.472150 0.750450 0.003125 0.005556
9 0.631293 0.504823 0.003125 0.005556
9 0.797671 0.656572 0.003125 0.005556
