11 0.316262 0.579411 0.033999 0.061728
11 0.471065 0.285558 0.029659 0.065586
11 0.639974 0.347930 0.039062 0.051440
11 0.799479 0.533758 0.042679 0.065586
7 0.294198 0.524113 0.003125 0.005556
7 0.440321 0.347930 0.003125 0.005556
7 0.592231 0.318351 0.003125 0.005556
7 0.739800 0.482960 0.003125 0.005556
8 0.323134 0.521541 0.003125 0.005556
8 0.466363 0.349216 0.003125 0.005556
8 0.620443 0.315779 0.003125 0.005556
8 0.783203 0.477816 0.003125 0.005556
9 0.809968 0.476530 0.003125 0.005556
9 0.647931 0.313207 0.003125 0.005556
9 0.494575 0.344072 0.003125 0.005556
9 0.367260 0.522827 0.003125 0.005556
