11 0.171224 0.324781 0.044850 0.061728
11 0.276114 0.520898 0.040509 0.052726
11 0.641059 0.347930 0.036892 0.048868
11 0.801288 0.535687 0.043403 0.069444
9 0.227648 0.404514 0.003125 0.005556
9 0.325304 0.574267 0.003125 0.005556
9 0.647931 0.317065 0.003125 0.005556
9 0.812862 0.479102 0.003125 0.005556
8 0.786097 0.479102 0.003125 0.005556
8 0.620443 0.313207 0.003125 0.005556
8 0.322410 0.529257 0.003125 0.005556
8 0.241392 0.356932 0.003125 0.005556
7 0.230541 0.304205 0.003125 0.005556
7 0.310113 0.472672 0.003125 0.005556
7 0.590784 0.320923 0.003125 0.005556
7 0.741970 0.480388 0.003125 0.005556
