11 0.171947 0.325424 0.043403 0.057870
11 0.275752 0.522827 0.038339 0.056584
11 0.523510 0.572338 0.034722 0.060442
11 0.670718 0.378794 0.038339 0.059156
7 0.226201 0.308063 0.003125 0.005556
7 0.308666 0.475244 0.003125 0.005556
7 0.483001 0.518969 0.003125 0.005556
7 0.621889 0.337641 0.003125 0.005556
8 0.241392 0.350502 0.003125 0.005556
8 0.323857 0.525399 0.003125 0.005556
8 0.514829 0.516397 0.003125 0.005556
8 0.662399 0.332497 0.003125 0.005556
9 0.691334 0.335069 0.003125 0.005556
9 0.542318 0.513825 0.003125 0.005556
9 0.323134 0.569123 0.003125 0.005556
9 0.227648 0.404514 0.003125 0.005556
