11 0.123843 0.529900 0.041233 0.052726
11 0.264540 0.527971 0.036169 0.051440
11 0.514106 0.578125 0.033275 0.059156
11 0.661314 0.384581 0.036892 0.063014
7 0.172671 0.486818 0.003125 0.005556
7 0.298539 0.477816 0.003125 0.005556
7 0.472873 0.529257 0.003125 0.005556
7 0.614656 0.342785 0.003125 0.005556
8 0.170501 0.534401 0.003125 0.005556
8 0.314453 0.526685 0.003125 0.005556
8 0.503979 0.522827 0.003125 0.005556
8 0.655165 0.342785 0.003125 0.005556
9 0.164714 0.592271 0.003125 0.005556
9 0.310836 0.585841 0.003125 0.005556
9 0.532914 0.518969 0.003125 0.005556
9 0.683377 0.340213 0.003125 0.005556
