11 0.208478 0.284272 0.035446 0.063014
11 0.267433 0.527971 0.037616 0.056584
11 0.513383 0.578768 0.034722 0.057870
11 0.662037 0.387153 0.036892 0.063014
9 0.684100 0.333783 0.003125 0.005556
9 0.532914 0.520255 0.003125 0.005556
9 0.313006 0.583269 0.003125 0.005556
9 0.247902 0.363362 0.003125 0.005556
8 0.216797 0.363362 0.003125 0.005556
8 0.315177 0.533115 0.003125 0.005556
8 0.501808 0.522827 0.003125 0.005556
8 0.655165 0.338927 0.003125 0.005556
7 0.613932 0.344072 0.003125 0.005556
7 0.475043 0.521541 0.003125 0.005556
7 0.298539 0.482960 0.003125 0.005556
7 0.191479 0.363362 0.003125 0.005556
