11 0.191479 0.228974 0.037616 0.063014
11 0.207393 0.532472 0.041956 0.063014
11 0.415726 0.217400 0.027488 0.068158
11 0.741609 0.530543 0.042679 0.056584
7 0.173394 0.309349 0.003125 0.005556
7 0.175564 0.488104 0.003125 0.005556
7 0.384621 0.306777 0.003125 0.005556
7 0.683377 0.502251 0.003125 0.005556
8 0.201606 0.311921 0.003125 0.005556
8 0.224031 0.477816 0.003125 0.005556
8 0.411386 0.306777 0.003125 0.005556
8 0.713035 0.473958 0.003125 0.005556
9 0.227648 0.304205 0.003125 0.005556
9 0.255859 0.479102 0.003125 0.005556
9 0.436704 0.306777 0.003125 0.005556
9 0.741247 0.475244 0.003125 0.005556
