11 0.190755 0.230260 0.037616 0.063014
11 0.205946 0.534401 0.040509 0.066872
11 0.451534 0.554977 0.029659 0.059156
11 0.678313 0.226402 0.037616 0.063014
11 0.741247 0.531829 0.041956 0.059156
9 0.228371 0.309349 0.003125 0.005556
9 0.249349 0.482960 0.003125 0.005556
9 0.478660 0.482960 0.003125 0.005556
9 0.735460 0.472672 0.003125 0.005556
9 0.691334 0.299061 0.003125 0.005556
8 0.198712 0.311921 0.003125 0.005556
8 0.221137 0.480388 0.003125 0.005556
8 0.453342 0.473958 0.003125 0.005556
8 0.663122 0.304205 0.003125 0.005556
8 0.711589 0.473958 0.003125 0.005556
7 0.170501 0.313207 0.003125 0.005556
7 0.177734 0.480388 0.003125 0.005556
7 0.424407 0.477816 0.003125 0.005556
7 0.632017 0.301633 0.003125 0.005556
7 0.683377 0.502251 0.003125 0.005556
