11 0.190755 0.229617 0.033275 0.061728
11 0.207031 0.533758 0.041233 0.063014
11 0.330729 0.289416 0.035446 0.052726
11 0.678313 0.226402 0.034722 0.063014
11 0.741970 0.528614 0.043403 0.055298
7 0.171224 0.308063 0.003125 0.005556
7 0.179181 0.480388 0.003125 0.005556
7 0.383174 0.259195 0.003125 0.005556
7 0.635634 0.299061 0.003125 0.005556
7 0.685547 0.493248 0.003125 0.005556
8 0.200883 0.317065 0.003125 0.005556
8 0.218967 0.481674 0.003125 0.005556
8 0.379557 0.305491 0.003125 0.005556
8 0.662399 0.304205 0.003125 0.005556
8 0.713759 0.472672 0.003125 0.005556
9 0.739077 0.468814 0.003125 0.005556
9 0.690611 0.304205 0.003125 0.005556
9 0.382451 0.359504 0.003125 0.005556
9 0.250796 0.486818 0.003125 0.005556
9 0.229818 0.308063 0.003125 0.005556
