11 0.190755 0.230903 0.036169 0.061728
11 0.205946 0.535687 0.037616 0.064300
11 0.360749 0.291988 0.034722 0.052726
11 0.677590 0.223830 0.034722 0.063014
11 0.741970 0.531829 0.041956 0.059156
9 0.226924 0.309349 0.003125 0.005556
9 0.251519 0.480388 0.003125 0.005556
9 0.394025 0.353074 0.003125 0.005556
9 0.689887 0.302919 0.003125 0.005556
9 0.739077 0.473958 0.003125 0.005556
8 0.710865 0.472672 0.003125 0.005556
8 0.663122 0.301633 0.003125 0.005556
8 0.405599 0.301633 0.003125 0.005556
8 0.221861 0.480388 0.003125 0.005556
8 0.199436 0.315779 0.003125 0.005556
7 0.170501 0.310635 0.003125 0.005556
7 0.177011 0.482960 0.003125 0.005556
7 0.399089 0.261767 0.003125 0.005556
7 0.632017 0.302919 0.003125 0.005556
7 0.680483 0.499678 0.003125 0.005556
