11 0.191840 0.227688 0.036892 0.063014
11 0.207755 0.535044 0.042679 0.065586
11 0.467086 0.279128 0.030382 0.063014
11 0.680122 0.226402 0.033999 0.068158
11 0.744141 0.531186 0.043403 0.057870
7 0.177734 0.480388 0.003125 0.005556
7 0.174117 0.311921 0.003125 0.005556
7 0.483001 0.252765 0.003125 0.005556
7 0.686994 0.493248 0.003125 0.005556
7 0.632740 0.301633 0.003125 0.005556
8 0.200159 0.306777 0.003125 0.005556
8 0.221861 0.475244 0.003125 0.005556
8 0.496745 0.300347 0.003125 0.005556
8 0.663845 0.302919 0.003125 0.005556
8 0.712312 0.471386 0.003125 0.005556
9 0.224754 0.309349 0.003125 0.005556
9 0.252966 0.481674 0.003125 0.005556
9 0.479384 0.350502 0.003125 0.005556
9 0.692057 0.305491 0.003125 0.005556
9 0.742694 0.475244 0.003125 0.005556
