11 0.092014 0.304205 0.042679 0.066872
11 0.138672 0.528614 0.041956 0.068158
11 0.547743 0.529900 0.038339 0.060442
11 0.690972 0.242477 0.033999 0.061728
11 0.796224 0.536330 0.049190 0.057870
7 0.156033 0.286201 0.003125 0.005556
7 0.134332 0.480388 0.003125 0.005556
7 0.506872 0.471386 0.003125 0.005556
7 0.647208 0.326067 0.003125 0.005556
7 0.726780 0.497106 0.003125 0.005556
8 0.154586 0.332497 0.003125 0.005556
8 0.163267 0.482960 0.003125 0.005556
8 0.536531 0.472672 0.003125 0.005556
8 0.675420 0.326067 0.003125 0.005556
8 0.769459 0.493248 0.003125 0.005556
9 0.137225 0.378794 0.003125 0.005556
9 0.188585 0.481674 0.003125 0.005556
9 0.564019 0.471386 0.003125 0.005556
9 0.702908 0.320923 0.003125 0.005556
9 0.797671 0.490676 0.003125 0.005556
