11 0.230541 0.528614 0.037616 0.065586
11 0.310113 0.275270 0.043403 0.070730
11 0.550637 0.528614 0.036892 0.060442
11 0.691696 0.246335 0.036892 0.066872
11 0.796224 0.536330 0.046296 0.060442
9 0.279008 0.476530 0.003125 0.005556
9 0.339771 0.380080 0.003125 0.005556
9 0.569083 0.477816 0.003125 0.005556
9 0.704355 0.320923 0.003125 0.005556
9 0.799117 0.495820 0.003125 0.005556
8 0.258753 0.477816 0.003125 0.005556
8 0.353516 0.327353 0.003125 0.005556
8 0.537254 0.476530 0.003125 0.005556
8 0.674696 0.331211 0.003125 0.005556
8 0.770182 0.495820 0.003125 0.005556
7 0.360749 0.278485 0.003125 0.005556
7 0.224754 0.480388 0.003125 0.005556
7 0.511212 0.475244 0.003125 0.005556
7 0.646484 0.331211 0.003125 0.005556
7 0.726056 0.498392 0.003125 0.005556
