11 0.308666 0.276556 0.041956 0.070730
11 0.330367 0.465599 0.037616 0.063014
11 0.552445 0.515111 0.036169 0.064300
11 0.690249 0.253408 0.038339 0.065586
11 0.795139 0.545975 0.049913 0.061728
7 0.356409 0.275913 0.003125 0.005556
7 0.375940 0.453382 0.003125 0.005556
7 0.506872 0.452096 0.003125 0.005556
7 0.645761 0.327353 0.003125 0.005556
7 0.722439 0.502251 0.003125 0.005556
8 0.349899 0.327353 0.003125 0.005556
8 0.362196 0.504823 0.003125 0.005556
8 0.533637 0.453382 0.003125 0.005556
8 0.676866 0.331211 0.003125 0.005556
8 0.765842 0.498392 0.003125 0.005556
9 0.337601 0.383938 0.003125 0.005556
9 0.347005 0.560121 0.003125 0.005556
9 0.565466 0.455954 0.003125 0.005556
9 0.703631 0.324781 0.003125 0.005556
9 0.796224 0.503537 0.003125 0.005556
