11 0.154586 0.497106 0.041956 0.061728
11 0.300347 0.485532 0.038339 0.056584
11 0.424045 0.387153 0.032552 0.060442
11 0.692781 0.259838 0.034722 0.068158
11 0.796224 0.556263 0.047743 0.061728
9 0.217520 0.565265 0.003125 0.005556
9 0.333984 0.561407 0.003125 0.005556
9 0.451172 0.335069 0.003125 0.005556
9 0.705802 0.340213 0.003125 0.005556
9 0.796947 0.512539 0.003125 0.005556
8 0.768736 0.509967 0.003125 0.005556
8 0.676143 0.341499 0.003125 0.005556
8 0.422237 0.338927 0.003125 0.005556
8 0.349175 0.512539 0.003125 0.005556
8 0.219690 0.513825 0.003125 0.005556
7 0.221137 0.464956 0.003125 0.005556
7 0.349899 0.463670 0.003125 0.005556
7 0.396918 0.338927 0.003125 0.005556
7 0.648655 0.336355 0.003125 0.005556
7 0.725333 0.513825 0.003125 0.005556
