11 0.111907 0.313207 0.043403 0.064300
11 0.277922 0.319637 0.038339 0.056584
11 0.298177 0.488104 0.039786 0.056584
11 0.692057 0.261767 0.037616 0.066872
11 0.796224 0.556906 0.049190 0.063014
7 0.171947 0.293917 0.003125 0.005556
7 0.339771 0.287487 0.003125 0.005556
7 0.350622 0.463670 0.003125 0.005556
7 0.647931 0.336355 0.003125 0.005556
7 0.725333 0.512539 0.003125 0.005556
8 0.169054 0.337641 0.003125 0.005556
8 0.323857 0.341499 0.003125 0.005556
8 0.349175 0.516397 0.003125 0.005556
8 0.678313 0.338927 0.003125 0.005556
8 0.769459 0.513825 0.003125 0.005556
9 0.168330 0.389082 0.003125 0.005556
9 0.310113 0.386510 0.003125 0.005556
9 0.334708 0.563979 0.003125 0.005556
9 0.705802 0.337641 0.003125 0.005556
9 0.796224 0.516397 0.003125 0.005556
