11 0.110098 0.312564 0.044126 0.065586
11 0.144097 0.453382 0.044126 0.059156
11 0.299624 0.487461 0.039786 0.057870
11 0.693504 0.261124 0.036169 0.068158
11 0.796947 0.553048 0.049190 0.060442
9 0.167607 0.382652 0.003125 0.005556
9 0.187138 0.516397 0.003125 0.005556
9 0.332538 0.570409 0.003125 0.005556
9 0.705802 0.338927 0.003125 0.005556
9 0.798394 0.512539 0.003125 0.005556
8 0.770182 0.511253 0.003125 0.005556
8 0.677590 0.337641 0.003125 0.005556
8 0.349175 0.513825 0.003125 0.005556
8 0.160373 0.516397 0.003125 0.005556
8 0.169054 0.337641 0.003125 0.005556
7 0.172671 0.291345 0.003125 0.005556
7 0.132161 0.515111 0.003125 0.005556
7 0.349899 0.462384 0.003125 0.005556
7 0.649378 0.340213 0.003125 0.005556
7 0.725333 0.513825 0.003125 0.005556
