11 0.043547 0.487461 0.042679 0.060442
11 0.114439 0.311278 0.045573 0.060442
11 0.301432 0.486175 0.039062 0.055298
11 0.694951 0.261124 0.037616 0.068158
11 0.798394 0.555620 0.050637 0.063014
9 0.087312 0.558835 0.003125 0.005556
9 0.169054 0.390368 0.003125 0.005556
9 0.339048 0.566551 0.003125 0.005556
9 0.706525 0.344072 0.003125 0.005556
9 0.799117 0.517683 0.003125 0.005556
8 0.107567 0.512539 0.003125 0.005556
8 0.353516 0.508681 0.003125 0.005556
8 0.174117 0.338927 0.003125 0.005556
8 0.677590 0.347930 0.003125 0.005556
8 0.768736 0.517683 0.003125 0.005556
7 0.109013 0.464956 0.003125 0.005556
7 0.174841 0.296489 0.003125 0.005556
7 0.352792 0.459812 0.003125 0.005556
7 0.648655 0.340213 0.003125 0.005556
7 0.726056 0.513825 0.003125 0.005556
