11 0.046441 0.487461 0.039786 0.052726
11 0.300709 0.484889 0.040509 0.055298
11 0.416811 0.309992 0.036892 0.065586
11 0.695312 0.261767 0.033999 0.066872
11 0.798032 0.557549 0.049913 0.064300
7 0.108290 0.458526 0.003125 0.005556
7 0.350622 0.470100 0.003125 0.005556
7 0.454789 0.284915 0.003125 0.005556
7 0.650101 0.338927 0.003125 0.005556
7 0.728226 0.517683 0.003125 0.005556
8 0.107567 0.512539 0.003125 0.005556
8 0.349175 0.512539 0.003125 0.005556
8 0.453342 0.333783 0.003125 0.005556
8 0.679760 0.337641 0.003125 0.005556
8 0.769459 0.512539 0.003125 0.005556
9 0.087312 0.566551 0.003125 0.005556
9 0.336155 0.566551 0.003125 0.005556
9 0.454065 0.390368 0.003125 0.005556
9 0.706525 0.340213 0.003125 0.005556
9 0.799841 0.513825 0.003125 0.005556
