11 0.147714 0.295203 0.039786 0.064300
11 0.288411 0.574910 0.036169 0.060442
11 0.420067 0.314493 0.034722 0.064300
11 0.698929 0.263696 0.035446 0.063014
11 0.802373 0.558192 0.048466 0.065586
9 0.802011 0.513825 0.003125 0.005556
9 0.710142 0.337641 0.003125 0.005556
9 0.456236 0.389082 0.003125 0.005556
9 0.341942 0.513825 0.003125 0.005556
9 0.186415 0.394226 0.003125 0.005556
8 0.202329 0.342785 0.003125 0.005556
8 0.310113 0.511253 0.003125 0.005556
8 0.459852 0.338927 0.003125 0.005556
8 0.680483 0.341499 0.003125 0.005556
8 0.772352 0.509967 0.003125 0.005556
7 0.205946 0.290059 0.003125 0.005556
7 0.284795 0.512539 0.003125 0.005556
7 0.457682 0.296489 0.003125 0.005556
7 0.650825 0.345358 0.003125 0.005556
7 0.730948 0.514133 0.003125 0.005556
