11 0.146629 0.295846 0.041956 0.065586
11 0.420067 0.311921 0.036169 0.061728
11 0.584274 0.543403 0.039062 0.061728
11 0.698568 0.260481 0.036169 0.066872
11 0.802734 0.555620 0.050637 0.063014
7 0.208116 0.288773 0.003125 0.005556
7 0.457682 0.297775 0.003125 0.005556
7 0.654442 0.344072 0.003125 0.005556
7 0.555339 0.482960 0.003125 0.005556
7 0.732567 0.511253 0.003125 0.005556
8 0.206670 0.337641 0.003125 0.005556
8 0.457682 0.335069 0.003125 0.005556
8 0.586444 0.482960 0.003125 0.005556
8 0.681930 0.346644 0.003125 0.005556
8 0.774523 0.520255 0.003125 0.005556
9 0.187862 0.390368 0.003125 0.005556
9 0.456236 0.391654 0.003125 0.005556
9 0.612486 0.486818 0.003125 0.005556
9 0.712312 0.340213 0.003125 0.005556
9 0.802011 0.512539 0.003125 0.005556
