11 0.180266 0.466242 0.044126 0.056584
11 0.247541 0.293917 0.042679 0.064300
11 0.405961 0.481031 0.031105 0.057870
11 0.584635 0.540188 0.035446 0.063014
11 0.699653 0.263053 0.036892 0.066872
11 0.802373 0.557549 0.051360 0.061728
9 0.226924 0.516397 0.003125 0.005556
9 0.287688 0.389082 0.003125 0.005556
9 0.442491 0.485532 0.003125 0.005556
9 0.616102 0.491962 0.003125 0.005556
9 0.803458 0.513825 0.003125 0.005556
9 0.709418 0.344072 0.003125 0.005556
7 0.170501 0.509967 0.003125 0.005556
7 0.302879 0.288773 0.003125 0.005556
7 0.385344 0.489390 0.003125 0.005556
7 0.558232 0.491962 0.003125 0.005556
7 0.733290 0.513825 0.003125 0.005556
7 0.654442 0.341499 0.003125 0.005556
8 0.195095 0.508681 0.003125 0.005556
8 0.303602 0.340213 0.003125 0.005556
8 0.414280 0.508681 0.003125 0.005556
8 0.585720 0.484246 0.003125 0.005556
8 0.774523 0.512539 0.003125 0.005556
8 0.682653 0.344072 0.003125 0.005556
