11 0.126374 0.309349 0.043403 0.054012
11 0.169777 0.452739 0.041956 0.065586
11 0.417896 0.298418 0.041956 0.070730
11 0.584997 0.539545 0.040509 0.056584
11 0.700738 0.260481 0.036169 0.066872
11 0.803819 0.556906 0.048466 0.063014
9 0.177011 0.385224 0.003125 0.005556
9 0.182075 0.558835 0.003125 0.005556
9 0.445385 0.389082 0.003125 0.005556
9 0.617549 0.489390 0.003125 0.005556
9 0.805628 0.508681 0.003125 0.005556
9 0.710865 0.337641 0.003125 0.005556
8 0.190755 0.336355 0.003125 0.005556
8 0.212457 0.502251 0.003125 0.005556
8 0.459129 0.335069 0.003125 0.005556
8 0.590061 0.480388 0.003125 0.005556
8 0.776693 0.511253 0.003125 0.005556
8 0.683377 0.341499 0.003125 0.005556
7 0.194372 0.288773 0.003125 0.005556
7 0.229094 0.458526 0.003125 0.005556
7 0.445385 0.279771 0.003125 0.005556
7 0.559679 0.484246 0.003125 0.005556
7 0.656612 0.338927 0.003125 0.005556
7 0.731843 0.509967 0.003125 0.005556
