10 0.043186 0.445023 0.021701 0.070730
10 0.281178 0.412230 0.039062 0.025720
10 0.382812 0.373650 0.039786 0.028292
10 0.434534 0.452748 0.044850 0.030864
10 0.631293 0.422518 0.040509 0.030864
10 0.761863 0.407086 0.032552 0.041152
0 0.044271 0.587770 0.029659 0.055298
0 0.098524 0.617348 0.044126 0.039866
0 0.727141 0.324138 0.036892 0.039866
0 0.876881 0.405157 0.033999 0.052726
0 0.873626 0.590985 0.039062 0.038580
5 0.153139 0.360790 0.039062 0.149177
5 0.477937 0.624421 0.102720 0.156893
5 0.637442 0.586484 0.285735 0.093879
5 0.673611 0.477816 0.395689 0.205761
3 0.139757 0.538259 0.078848 0.069444
11 0.263817 0.553691 0.039062 0.056584
6 0.182449 0.346343 0.058569 0.079131
6 0.564019 0.493891 0.033275 0.055298
7 0.071398 0.367220 0.003125 0.005556
7 0.075014 0.545975 0.003125 0.005556
7 0.140119 0.535687 0.003125 0.005556
7 0.086589 0.596129 0.003125 0.005556
7 0.132161 0.275913 0.003125 0.005556
7 0.198712 0.394226 0.003125 0.005556
7 0.310128 0.521309 0.003125 0.005556
7 0.254413 0.419946 0.003125 0.005556
7 0.352069 0.367220 0.003125 0.005556
7 0.408492 0.417374 0.003125 0.005556
7 0.422237 0.543403 0.003125 0.005556
7 0.465639 0.369792 0.003125 0.005556
7 0.480107 0.542117 0.003125 0.005556
7 0.538701 0.443094 0.003125 0.005556
7 0.592954 0.395512 0.003125 0.005556
7 0.692781 0.350502 0.003125 0.005556
7 0.720269 0.394226 0.003125 0.005556
7 0.846861 0.377508 0.003125 0.005556
7 0.828053 0.571695 0.003125 0.005556
8 0.061994 0.513825 0.003125 0.005556
8 0.070674 0.623135 0.003125 0.005556
8 0.131438 0.596129 0.003125 0.005556
8 0.202329 0.543403 0.003125 0.005556
8 0.226201 0.394226 0.003125 0.005556
8 0.179905 0.443094 0.003125 0.005556
8 0.323857 0.414802 0.003125 0.005556
8 0.307943 0.571695 0.003125 0.005556
8 0.467086 0.443094 0.003125 0.005556
8 0.409939 0.365934 0.003125 0.005556
8 0.542318 0.705440 0.003125 0.005556
8 0.786097 0.596129 0.003125 0.005556
8 0.871455 0.526685 0.003125 0.005556
8 0.894604 0.599987 0.003125 0.005556
8 0.890263 0.427662 0.003125 0.005556
8 0.733290 0.346644 0.003125 0.005556
8 0.784650 0.400656 0.003125 0.005556
8 0.652271 0.392940 0.003125 0.005556
8 0.594401 0.443094 0.003125 0.005556
9 0.303602 0.621849 0.003125 0.005556
