10 0.048611 0.472029 0.019531 0.081019
10 0.255136 0.380080 0.039062 0.028292
10 0.280816 0.443094 0.038339 0.030864
10 0.569083 0.392940 0.040509 0.054012
10 0.662037 0.441808 0.039786 0.043724
10 0.764395 0.408372 0.037616 0.036008
5 0.153863 0.386510 0.041956 0.146605
5 0.483724 0.637924 0.109954 0.153035
5 0.632378 0.652713 0.291522 0.133745
5 0.674696 0.490033 0.397859 0.191615
0 0.086174 0.607397 0.042573 0.032823
0 0.368707 0.403228 0.027488 0.059156
0 0.378111 0.628922 0.031829 0.039866
0 0.881583 0.407729 0.028935 0.047582
0 0.879774 0.590342 0.035446 0.034722
3 0.136140 0.562693 0.083189 0.069444
11 0.266348 0.576839 0.039786 0.054012
6 0.652748 0.234992 0.052577 0.086987
6 0.424045 0.488104 0.036892 0.046296
7 0.071398 0.396798 0.003125 0.005556
7 0.072121 0.607703 0.003125 0.005556
7 0.106843 0.567837 0.003125 0.005556
7 0.129268 0.300347 0.003125 0.005556
7 0.235605 0.369792 0.003125 0.005556
7 0.256583 0.440522 0.003125 0.005556
7 0.383898 0.360790 0.003125 0.005556
7 0.309389 0.539545 0.003125 0.005556
7 0.440321 0.428948 0.003125 0.005556
7 0.353516 0.614133 0.003125 0.005556
7 0.467086 0.382652 0.003125 0.005556
7 0.537977 0.355646 0.003125 0.005556
7 0.623336 0.404514 0.003125 0.005556
7 0.723886 0.401942 0.003125 0.005556
7 0.848307 0.373650 0.003125 0.005556
7 0.634187 0.286201 0.003125 0.005556
7 0.836010 0.576839 0.003125 0.005556
7 0.468533 0.584555 0.003125 0.005556
7 0.424407 0.562693 0.003125 0.005556
8 0.062717 0.547261 0.003125 0.005556
8 0.119864 0.597415 0.003125 0.005556
8 0.209563 0.566551 0.003125 0.005556
8 0.182075 0.468814 0.003125 0.005556
8 0.282624 0.369792 0.003125 0.005556
8 0.324580 0.435378 0.003125 0.005556
8 0.308666 0.592271 0.003125 0.005556
8 0.383898 0.439236 0.003125 0.005556
8 0.395472 0.611561 0.003125 0.005556
8 0.468533 0.535687 0.003125 0.005556
8 0.544564 0.713028 0.003125 0.005556
8 0.782480 0.701582 0.003125 0.005556
8 0.896050 0.599987 0.003125 0.005556
8 0.873626 0.525399 0.003125 0.005556
8 0.893880 0.427662 0.003125 0.005556
8 0.783927 0.398084 0.003125 0.005556
8 0.681207 0.422518 0.003125 0.005556
8 0.595848 0.434092 0.003125 0.005556
8 0.663845 0.283629 0.003125 0.005556
9 0.307219 0.643711 0.003125 0.005556
