5 0.149161 0.374936 0.035446 0.149177
5 0.476490 0.633423 0.104167 0.149177
5 0.626230 0.648212 0.290799 0.137603
5 0.671803 0.484246 0.393519 0.195473
0 0.081163 0.588413 0.036892 0.038580
0 0.374132 0.619920 0.031105 0.032150
0 0.365813 0.387153 0.023148 0.063014
0 0.876519 0.403871 0.030382 0.039866
0 0.874349 0.585841 0.036169 0.041152
10 0.044994 0.458526 0.022425 0.072016
10 0.250434 0.369792 0.036892 0.033436
10 0.277561 0.428305 0.039062 0.029578
10 0.639612 0.470743 0.036892 0.055298
10 0.705802 0.342142 0.037616 0.042438
10 0.760417 0.401942 0.036892 0.043724
3 0.131076 0.534401 0.084635 0.077160
6 0.060909 0.327996 0.073061 0.083591
6 0.420067 0.473958 0.036169 0.048868
11 0.200159 0.583912 0.044850 0.063014
11 0.285518 0.581340 0.034722 0.060442
7 0.111183 0.290059 0.003125 0.005556
7 0.067057 0.385224 0.003125 0.005556
7 0.078631 0.584555 0.003125 0.005556
7 0.125651 0.286201 0.003125 0.005556
7 0.121311 0.527971 0.003125 0.005556
7 0.247902 0.530543 0.003125 0.005556
7 0.230541 0.359504 0.003125 0.005556
7 0.250072 0.426376 0.003125 0.005556
7 0.376664 0.351788 0.003125 0.005556
7 0.320087 0.525427 0.003125 0.005556
7 0.349175 0.605131 0.003125 0.005556
7 0.438151 0.427662 0.003125 0.005556
7 0.464193 0.374936 0.003125 0.005556
7 0.422960 0.552405 0.003125 0.005556
7 0.465639 0.579411 0.003125 0.005556
7 0.606698 0.423804 0.003125 0.005556
7 0.662399 0.372364 0.003125 0.005556
7 0.716652 0.394226 0.003125 0.005556
7 0.841073 0.371078 0.003125 0.005556
7 0.827329 0.567837 0.003125 0.005556
8 0.109737 0.382652 0.003125 0.005556
8 0.062717 0.530543 0.003125 0.005556
8 0.115470 0.586170 0.003125 0.005556
8 0.202329 0.554977 0.003125 0.005556
8 0.178458 0.457240 0.003125 0.005556
8 0.280454 0.354360 0.003125 0.005556
8 0.322410 0.428948 0.003125 0.005556
8 0.246455 0.581983 0.003125 0.005556
8 0.320240 0.579411 0.003125 0.005556
8 0.381004 0.426376 0.003125 0.005556
8 0.393302 0.605131 0.003125 0.005556
8 0.465639 0.526685 0.003125 0.005556
8 0.538701 0.708012 0.003125 0.005556
8 0.776431 0.703685 0.003125 0.005556
8 0.869285 0.518969 0.003125 0.005556
8 0.890987 0.590985 0.003125 0.005556
8 0.666739 0.521541 0.003125 0.005556
8 0.716652 0.374936 0.003125 0.005556
8 0.782480 0.394226 0.003125 0.005556
8 0.890263 0.417374 0.003125 0.005556
9 0.245732 0.635995 0.003125 0.005556
9 0.316623 0.633423 0.003125 0.005556
