11 0.201244 0.583912 0.044126 0.057870
11 0.409939 0.398084 0.030382 0.056584
0 0.081887 0.585841 0.038339 0.036008
0 0.372323 0.626993 0.036169 0.038580
0 0.365090 0.389725 0.023148 0.060442
0 0.873987 0.398727 0.033999 0.055298
0 0.872902 0.585841 0.036169 0.036008
10 0.045356 0.457240 0.021701 0.069444
10 0.254774 0.366577 0.038339 0.032150
10 0.279008 0.432163 0.037616 0.027006
10 0.639251 0.469457 0.037616 0.055298
10 0.706887 0.342142 0.038339 0.042438
10 0.760778 0.402585 0.037616 0.042438
5 0.149884 0.375579 0.039786 0.145319
5 0.480469 0.626993 0.107784 0.144033
5 0.627315 0.642425 0.287182 0.138889
5 0.671803 0.487461 0.394965 0.204475
6 0.061270 0.327996 0.073785 0.078447
6 0.548466 0.376222 0.032552 0.056584
3 0.132161 0.532472 0.083912 0.070730
9 0.449725 0.455954 0.003125 0.005556
9 0.245732 0.633423 0.003125 0.005556
7 0.111183 0.290059 0.003125 0.005556
7 0.067057 0.385224 0.003125 0.005556
7 0.067781 0.588413 0.003125 0.005556
7 0.134332 0.540831 0.003125 0.005556
7 0.127821 0.292631 0.003125 0.005556
7 0.239222 0.355646 0.003125 0.005556
7 0.252242 0.428948 0.003125 0.005556
7 0.248626 0.527971 0.003125 0.005556
7 0.381727 0.351788 0.003125 0.005556
7 0.349175 0.606417 0.003125 0.005556
7 0.421513 0.551119 0.003125 0.005556
7 0.435258 0.351788 0.003125 0.005556
7 0.464916 0.377508 0.003125 0.005556
7 0.466363 0.575553 0.003125 0.005556
7 0.548828 0.378794 0.003125 0.005556
7 0.605252 0.419946 0.003125 0.005556
7 0.660229 0.372364 0.003125 0.005556
7 0.718099 0.396798 0.003125 0.005556
7 0.842520 0.367220 0.003125 0.005556
7 0.830946 0.565265 0.003125 0.005556
8 0.107567 0.383938 0.003125 0.005556
8 0.060547 0.538259 0.003125 0.005556
8 0.178458 0.455954 0.003125 0.005556
8 0.203053 0.553691 0.003125 0.005556
8 0.247179 0.583269 0.003125 0.005556
8 0.281901 0.358218 0.003125 0.005556
8 0.322410 0.428948 0.003125 0.005556
8 0.380281 0.430234 0.003125 0.005556
8 0.391855 0.603845 0.003125 0.005556
8 0.436704 0.399370 0.003125 0.005556
8 0.540871 0.708012 0.003125 0.005556
8 0.777416 0.704154 0.003125 0.005556
8 0.869285 0.524113 0.003125 0.005556
8 0.719546 0.371078 0.003125 0.005556
8 0.564019 0.445666 0.003125 0.005556
8 0.668186 0.518969 0.003125 0.005556
8 0.781756 0.392940 0.003125 0.005556
8 0.889540 0.421232 0.003125 0.005556
8 0.890263 0.592271 0.003125 0.005556
8 0.116247 0.583269 0.003125 0.005556
