11 0.272135 0.620563 0.045573 0.061728
11 0.412109 0.398727 0.028935 0.057870
3 0.134332 0.515111 0.082465 0.100309
0 0.083695 0.587127 0.043403 0.036008
0 0.374494 0.629565 0.037616 0.038580
0 0.366898 0.391654 0.025318 0.054012
0 0.877966 0.401942 0.030382 0.051440
0 0.874349 0.585198 0.033275 0.042438
6 0.061270 0.327353 0.070891 0.087449
6 0.547743 0.371721 0.031105 0.065586
5 0.150246 0.376865 0.039062 0.147891
5 0.480830 0.634066 0.104167 0.147891
5 0.629847 0.592271 0.295139 0.043724
5 0.673249 0.481674 0.396412 0.190329
10 0.045718 0.456597 0.022425 0.075874
10 0.254051 0.371078 0.036892 0.033436
10 0.279008 0.432806 0.040509 0.033436
10 0.639974 0.472029 0.036169 0.057870
10 0.707972 0.344072 0.033275 0.043724
10 0.762587 0.406443 0.041233 0.034722
7 0.111907 0.290059 0.003125 0.005556
7 0.125651 0.292631 0.003125 0.005556
7 0.069951 0.386510 0.003125 0.005556
7 0.066334 0.588413 0.003125 0.005556
7 0.147352 0.557549 0.003125 0.005556
7 0.232711 0.358218 0.003125 0.005556
7 0.251519 0.434092 0.003125 0.005556
7 0.245732 0.583269 0.003125 0.005556
7 0.379557 0.351788 0.003125 0.005556
7 0.435981 0.350502 0.003125 0.005556
7 0.350622 0.602559 0.003125 0.005556
7 0.421513 0.551119 0.003125 0.005556
7 0.466363 0.377508 0.003125 0.005556
7 0.605975 0.419946 0.003125 0.005556
7 0.550998 0.353074 0.003125 0.005556
7 0.661675 0.371078 0.003125 0.005556
7 0.718099 0.395512 0.003125 0.005556
7 0.846861 0.368506 0.003125 0.005556
7 0.466363 0.576839 0.003125 0.005556
7 0.827329 0.570409 0.003125 0.005556
8 0.110460 0.383938 0.003125 0.005556
8 0.178659 0.460677 0.003125 0.005556
8 0.059823 0.534401 0.003125 0.005556
8 0.115524 0.588413 0.003125 0.005556
8 0.203776 0.554977 0.003125 0.005556
8 0.281901 0.359504 0.003125 0.005556
8 0.323134 0.428948 0.003125 0.005556
8 0.289858 0.580697 0.003125 0.005556
8 0.380281 0.427662 0.003125 0.005556
8 0.436704 0.400656 0.003125 0.005556
8 0.393302 0.603845 0.003125 0.005556
8 0.540871 0.710584 0.003125 0.005556
8 0.786820 0.596129 0.003125 0.005556
8 0.869285 0.517683 0.003125 0.005556
8 0.889540 0.588413 0.003125 0.005556
8 0.666739 0.518969 0.003125 0.005556
8 0.564027 0.448807 0.003125 0.005556
8 0.718822 0.372364 0.003125 0.005556
8 0.781756 0.395512 0.003125 0.005556
8 0.889540 0.422518 0.003125 0.005556
9 0.320240 0.581983 0.003125 0.005556
9 0.451895 0.453382 0.003125 0.005556
