10 0.041016 0.470100 0.021701 0.074588
10 0.248264 0.466885 0.025318 0.070730
10 0.301071 0.462384 0.019531 0.077160
10 0.637804 0.492605 0.036169 0.055298
10 0.705440 0.358861 0.036892 0.039866
10 0.758247 0.421232 0.041233 0.036008
0 0.080078 0.599344 0.044850 0.039866
0 0.205580 0.625698 0.024595 0.055298
0 0.395833 0.605774 0.023872 0.068158
0 0.871817 0.427019 0.029659 0.047582
0 0.871455 0.608346 0.037616 0.039866
3 0.163267 0.360790 0.078125 0.113169
5 0.145544 0.391654 0.039786 0.149177
5 0.476128 0.646926 0.106337 0.147891
5 0.626591 0.610918 0.297309 0.050154
5 0.669271 0.496347 0.400029 0.196759
11 0.408492 0.416731 0.028935 0.060442
11 0.267072 0.626350 0.041233 0.050154
6 0.056930 0.342142 0.072338 0.078447
6 0.545211 0.391654 0.028935 0.059156
7 0.109013 0.300347 0.003125 0.005556
7 0.064164 0.398084 0.003125 0.005556
7 0.051143 0.598701 0.003125 0.005556
7 0.122034 0.302919 0.003125 0.005556
7 0.223307 0.369792 0.003125 0.005556
7 0.213903 0.569123 0.003125 0.005556
7 0.262370 0.395512 0.003125 0.005556
7 0.320240 0.391654 0.003125 0.005556
7 0.242115 0.597415 0.003125 0.005556
7 0.432364 0.369792 0.003125 0.005556
7 0.402705 0.569123 0.003125 0.005556
7 0.460576 0.394226 0.003125 0.005556
7 0.418620 0.565265 0.003125 0.005556
7 0.548105 0.369792 0.003125 0.005556
7 0.603805 0.440522 0.003125 0.005556
7 0.461299 0.593557 0.003125 0.005556
7 0.660342 0.416247 0.003125 0.005556
7 0.717376 0.416088 0.003125 0.005556
7 0.843967 0.391654 0.003125 0.005556
7 0.826606 0.592271 0.003125 0.005556
8 0.103950 0.394226 0.003125 0.005556
8 0.056930 0.549833 0.003125 0.005556
8 0.111183 0.599987 0.003125 0.005556
8 0.174117 0.472672 0.003125 0.005556
8 0.203580 0.447345 0.003125 0.005556
8 0.211010 0.651427 0.003125 0.005556
8 0.285518 0.597415 0.003125 0.005556
8 0.258030 0.544689 0.003125 0.005556
8 0.315177 0.545975 0.003125 0.005556
8 0.433087 0.416088 0.003125 0.005556
8 0.403429 0.652713 0.003125 0.005556
8 0.535680 0.727696 0.003125 0.005556
8 0.782480 0.623135 0.003125 0.005556
8 0.865668 0.539545 0.003125 0.005556
8 0.563296 0.464956 0.003125 0.005556
8 0.716652 0.392940 0.003125 0.005556
8 0.778863 0.417374 0.003125 0.005556
8 0.889540 0.443094 0.003125 0.005556
8 0.888817 0.620563 0.003125 0.005556
8 0.663845 0.543403 0.003125 0.005556
9 0.314453 0.597415 0.003125 0.005556
9 0.447555 0.468814 0.003125 0.005556
