6 0.065972 0.331211 0.070168 0.082305
6 0.552083 0.379437 0.031105 0.057870
5 0.154586 0.384581 0.037616 0.150463
5 0.483362 0.645640 0.104890 0.150463
5 0.633825 0.607703 0.292969 0.051440
5 0.618634 0.316422 0.275608 0.050154
0 0.199436 0.314493 0.033275 0.041152
0 0.212457 0.618634 0.021701 0.055298
0 0.401620 0.601273 0.020978 0.061728
0 0.880859 0.423804 0.036169 0.051440
0 0.877966 0.611561 0.034722 0.043724
10 0.047888 0.464313 0.019531 0.081019
10 0.254774 0.457883 0.023872 0.070730
10 0.310113 0.457240 0.020255 0.079733
10 0.643953 0.491319 0.041233 0.057870
10 0.710865 0.360790 0.037616 0.043724
10 0.766565 0.422518 0.039062 0.041152
11 0.275029 0.623135 0.042679 0.054012
11 0.415365 0.412873 0.028212 0.057870
3 0.116247 0.588413 0.085359 0.082305
7 0.116247 0.295203 0.003125 0.005556
7 0.073568 0.389082 0.003125 0.005556
7 0.177011 0.566551 0.003125 0.005556
7 0.184968 0.391654 0.003125 0.005556
7 0.221861 0.562693 0.003125 0.005556
7 0.271050 0.386510 0.003125 0.005556
7 0.328197 0.386510 0.003125 0.005556
7 0.249349 0.590985 0.003125 0.005556
7 0.441045 0.363362 0.003125 0.005556
7 0.409722 0.565586 0.003125 0.005556
7 0.425130 0.565265 0.003125 0.005556
7 0.467810 0.297775 0.003125 0.005556
7 0.565466 0.383938 0.003125 0.005556
7 0.467810 0.588413 0.003125 0.005556
7 0.610315 0.440522 0.003125 0.005556
7 0.669633 0.410944 0.003125 0.005556
7 0.723163 0.414802 0.003125 0.005556
7 0.849754 0.391654 0.003125 0.005556
7 0.831670 0.592271 0.003125 0.005556
7 0.131438 0.295203 0.003125 0.005556
8 0.114077 0.389082 0.003125 0.005556
8 0.181351 0.463670 0.003125 0.005556
8 0.063440 0.536973 0.003125 0.005556
8 0.159650 0.642425 0.003125 0.005556
8 0.219690 0.647569 0.003125 0.005556
8 0.292752 0.588413 0.003125 0.005556
8 0.229094 0.364648 0.003125 0.005556
8 0.265987 0.543403 0.003125 0.005556
8 0.323857 0.542117 0.003125 0.005556
8 0.441768 0.416088 0.003125 0.005556
8 0.408492 0.644997 0.003125 0.005556
8 0.542318 0.723444 0.003125 0.005556
8 0.788990 0.624421 0.003125 0.005556
8 0.669633 0.540831 0.003125 0.005556
8 0.569806 0.466242 0.003125 0.005556
8 0.760778 0.295203 0.003125 0.005556
8 0.723163 0.387796 0.003125 0.005556
8 0.783927 0.417374 0.003125 0.005556
8 0.896050 0.446952 0.003125 0.005556
8 0.893880 0.616705 0.003125 0.005556
9 0.321687 0.593557 0.003125 0.005556
9 0.454789 0.466242 0.003125 0.005556
