3 0.117332 0.589056 0.083189 0.086163
6 0.066334 0.328639 0.067998 0.084877
6 0.553168 0.379437 0.028935 0.057870
10 0.048973 0.459169 0.020255 0.070730
10 0.256944 0.454668 0.020978 0.064300
10 0.308666 0.456597 0.020255 0.070730
10 0.643953 0.491319 0.033999 0.047582
10 0.711227 0.355003 0.039786 0.034722
10 0.813223 0.555620 0.041233 0.032150
5 0.154586 0.380080 0.039062 0.151749
5 0.481192 0.644354 0.103443 0.145319
5 0.634910 0.611561 0.292245 0.048868
5 0.621528 0.318994 0.279948 0.060442
11 0.429470 0.319637 0.030382 0.059156
11 0.276476 0.619553 0.041233 0.050154
0 0.213180 0.614776 0.023148 0.057870
0 0.199436 0.315136 0.034722 0.047582
0 0.401620 0.601916 0.022425 0.057870
0 0.484809 0.427662 0.035446 0.038580
0 0.879051 0.614133 0.033999 0.038580
9 0.453342 0.391654 0.003125 0.005556
9 0.322565 0.590094 0.003125 0.005556
7 0.117694 0.293917 0.003125 0.005556
7 0.072844 0.383938 0.003125 0.005556
7 0.178458 0.562693 0.003125 0.005556
7 0.132161 0.291345 0.003125 0.005556
7 0.184245 0.389082 0.003125 0.005556
7 0.221137 0.566551 0.003125 0.005556
7 0.271050 0.386510 0.003125 0.005556
7 0.250072 0.589699 0.003125 0.005556
7 0.327474 0.386510 0.003125 0.005556
7 0.397642 0.390368 0.003125 0.005556
7 0.412109 0.561407 0.003125 0.005556
7 0.425854 0.563979 0.003125 0.005556
7 0.469256 0.590985 0.003125 0.005556
7 0.468533 0.295203 0.003125 0.005556
7 0.455512 0.437950 0.003125 0.005556
7 0.568359 0.391654 0.003125 0.005556
7 0.611039 0.439236 0.003125 0.005556
7 0.668186 0.410944 0.003125 0.005556
7 0.770906 0.542117 0.003125 0.005556
7 0.833840 0.593557 0.003125 0.005556
8 0.114077 0.385224 0.003125 0.005556
8 0.182075 0.464956 0.003125 0.005556
8 0.063440 0.542117 0.003125 0.005556
8 0.157480 0.641139 0.003125 0.005556
8 0.217520 0.643711 0.003125 0.005556
8 0.292752 0.589699 0.003125 0.005556
8 0.231264 0.364648 0.003125 0.005556
8 0.265987 0.536146 0.003125 0.005556
8 0.324580 0.540831 0.003125 0.005556
8 0.408492 0.644997 0.003125 0.005556
8 0.427300 0.395512 0.003125 0.005556
8 0.496745 0.464956 0.003125 0.005556
8 0.569083 0.466242 0.003125 0.005556
8 0.669633 0.544689 0.003125 0.005556
8 0.722439 0.395512 0.003125 0.005556
8 0.762225 0.301633 0.003125 0.005556
8 0.540871 0.726016 0.003125 0.005556
8 0.788990 0.621849 0.003125 0.005556
8 0.830946 0.556263 0.003125 0.005556
8 0.893880 0.619277 0.003125 0.005556
