0 0.199436 0.314493 0.033275 0.048868
0 0.390046 0.408372 0.031105 0.051440
0 0.486979 0.425090 0.029659 0.046296
0 0.877242 0.608346 0.039062 0.037294
0 0.905093 0.387153 0.031105 0.055298
3 0.116247 0.589056 0.086806 0.091307
6 0.065249 0.332497 0.067274 0.079733
6 0.554253 0.376865 0.029659 0.057870
5 0.154948 0.377508 0.039786 0.149177
5 0.482277 0.643068 0.102720 0.147891
5 0.634910 0.605774 0.292245 0.052726
5 0.618634 0.313850 0.277054 0.063014
11 0.277199 0.616062 0.039786 0.052726
11 0.426939 0.322209 0.031105 0.056584
10 0.048973 0.463027 0.020255 0.073302
10 0.255859 0.456597 0.021701 0.068158
10 0.307943 0.456597 0.018808 0.065586
10 0.646123 0.487461 0.038339 0.057870
10 0.710142 0.353074 0.039062 0.036008
10 0.813947 0.550476 0.045573 0.032150
7 0.072844 0.389082 0.003125 0.005556
7 0.116247 0.291345 0.003125 0.005556
7 0.132161 0.291345 0.003125 0.005556
7 0.178458 0.565265 0.003125 0.005556
7 0.184245 0.389082 0.003125 0.005556
7 0.272497 0.386510 0.003125 0.005556
7 0.328921 0.385224 0.003125 0.005556
7 0.250796 0.589699 0.003125 0.005556
7 0.399812 0.385224 0.003125 0.005556
7 0.368707 0.436664 0.003125 0.005556
7 0.454789 0.440522 0.003125 0.005556
7 0.425854 0.563979 0.003125 0.005556
7 0.471427 0.590985 0.003125 0.005556
7 0.466363 0.295203 0.003125 0.005556
7 0.568359 0.387796 0.003125 0.005556
7 0.667462 0.413516 0.003125 0.005556
7 0.612486 0.436664 0.003125 0.005556
7 0.863498 0.362076 0.003125 0.005556
7 0.772352 0.540831 0.003125 0.005556
7 0.833116 0.590985 0.003125 0.005556
8 0.114800 0.391654 0.003125 0.005556
8 0.182075 0.466242 0.003125 0.005556
8 0.064164 0.536973 0.003125 0.005556
8 0.159650 0.644997 0.003125 0.005556
8 0.267123 0.539177 0.003125 0.005556
8 0.324580 0.540831 0.003125 0.005556
8 0.294198 0.589699 0.003125 0.005556
8 0.426577 0.387796 0.003125 0.005556
8 0.498192 0.466242 0.003125 0.005556
8 0.545325 0.727072 0.003125 0.005556
8 0.571367 0.465553 0.003125 0.005556
8 0.671079 0.539545 0.003125 0.005556
8 0.723886 0.389082 0.003125 0.005556
8 0.763672 0.293917 0.003125 0.005556
8 0.789714 0.615419 0.003125 0.005556
8 0.868562 0.437950 0.003125 0.005556
8 0.410663 0.436664 0.003125 0.005556
8 0.230541 0.360790 0.003125 0.005556
8 0.832393 0.548547 0.003125 0.005556
8 0.893157 0.607703 0.003125 0.005556
9 0.455512 0.387796 0.003125 0.005556
9 0.323857 0.589699 0.003125 0.005556
