10 0.052228 0.461741 0.019531 0.075874
10 0.261285 0.457883 0.023872 0.070730
10 0.312645 0.458526 0.019531 0.069444
10 0.648293 0.493248 0.036892 0.051440
10 0.715567 0.355646 0.036892 0.038580
10 0.818287 0.554977 0.041233 0.036008
5 0.159288 0.381366 0.036892 0.154321
5 0.622251 0.317065 0.278501 0.061728
5 0.485894 0.643711 0.105613 0.151749
5 0.637804 0.608346 0.292245 0.047582
0 0.201968 0.314493 0.029659 0.043724
0 0.396195 0.597415 0.023148 0.059156
0 0.489149 0.428305 0.031105 0.042438
0 0.883030 0.614133 0.036169 0.041152
0 0.910880 0.389725 0.032552 0.055298
3 0.121672 0.588413 0.087529 0.087449
6 0.071398 0.330568 0.072338 0.078447
6 0.557870 0.380080 0.031105 0.061728
11 0.430556 0.325424 0.031105 0.052726
11 0.280840 0.617249 0.039834 0.047385
7 0.123481 0.291345 0.003125 0.005556
7 0.077185 0.386510 0.003125 0.005556
7 0.182798 0.565265 0.003125 0.005556
7 0.138672 0.293917 0.003125 0.005556
7 0.189308 0.387796 0.003125 0.005556
7 0.276114 0.386510 0.003125 0.005556
7 0.332538 0.386510 0.003125 0.005556
7 0.254413 0.590985 0.003125 0.005556
7 0.384621 0.561407 0.003125 0.005556
7 0.403429 0.389082 0.003125 0.005556
7 0.470703 0.296489 0.003125 0.005556
7 0.573423 0.390368 0.003125 0.005556
7 0.617549 0.436664 0.003125 0.005556
7 0.671803 0.414802 0.003125 0.005556
7 0.472150 0.590985 0.003125 0.005556
7 0.430194 0.565265 0.003125 0.005556
7 0.775969 0.540831 0.003125 0.005556
7 0.867839 0.371078 0.003125 0.005556
7 0.836733 0.594843 0.003125 0.005556
7 0.456959 0.441808 0.003125 0.005556
8 0.119141 0.385224 0.003125 0.005556
8 0.065586 0.537294 0.003125 0.005556
8 0.164714 0.642425 0.003125 0.005556
8 0.186415 0.464956 0.003125 0.005556
8 0.231988 0.364648 0.003125 0.005556
8 0.269604 0.539545 0.003125 0.005556
8 0.327474 0.539545 0.003125 0.005556
8 0.295645 0.593557 0.003125 0.005556
8 0.383898 0.642425 0.003125 0.005556
8 0.431641 0.390368 0.003125 0.005556
8 0.571976 0.466242 0.003125 0.005556
8 0.674942 0.543403 0.003125 0.005556
8 0.545935 0.726016 0.003125 0.005556
8 0.795501 0.620563 0.003125 0.005556
8 0.870732 0.440522 0.003125 0.005556
8 0.895327 0.610275 0.003125 0.005556
8 0.836010 0.544689 0.003125 0.005556
8 0.728950 0.394226 0.003125 0.005556
8 0.501808 0.463670 0.003125 0.005556
8 0.768736 0.296489 0.003125 0.005556
9 0.459129 0.390368 0.003125 0.005556
9 0.326751 0.592271 0.003125 0.005556
