7 0.167918 0.331800 0.003125 0.005556
7 0.325183 0.389520 0.003125 0.005556
7 0.415483 0.574405 0.003125 0.005556
7 0.550426 0.361562 0.003125 0.005556
7 0.681818 0.339015 0.003125 0.005556
5 0.156132 0.457702 0.036695 0.212542
5 0.312086 0.484007 0.039654 0.147306
5 0.457386 0.551873 0.056818 0.024200
5 0.584339 0.474537 0.031368 0.170455
5 0.672526 0.475589 0.013613 0.233586
8 0.185133 0.576599 0.003125 0.005556
8 0.278646 0.575547 0.003125 0.005556
8 0.491714 0.548190 0.003125 0.005556
8 0.594105 0.573443 0.003125 0.005556
8 0.678741 0.598695 0.003125 0.005556
