7 0.398742 0.348936 0.003125 0.005556
7 0.505276 0.320978 0.003125 0.005556
7 0.621956 0.373286 0.003125 0.005556
7 0.693486 0.320076 0.003125 0.005556
7 0.750812 0.322781 0.003125 0.005556
5 0.384884 0.437184 0.020715 0.152567
5 0.475438 0.365109 0.040838 0.088384
5 0.605646 0.486111 0.026634 0.174663
5 0.681700 0.439289 0.020123 0.207281
5 0.731120 0.453493 0.034920 0.227273
8 0.383629 0.537832 0.003125 0.005556
8 0.460005 0.427964 0.003125 0.005556
8 0.593517 0.583437 0.003125 0.005556
8 0.679804 0.551306 0.003125 0.005556
8 0.721199 0.576182 0.003125 0.005556
