7 0.375913 0.302038 0.003125 0.005556
7 0.406351 0.327291 0.003125 0.005556
7 0.512378 0.301136 0.003125 0.005556
7 0.629566 0.358856 0.003125 0.005556
7 0.744217 0.330898 0.003125 0.005556
5 0.242247 0.430345 0.242069 0.300926
5 0.393170 0.415088 0.020715 0.152567
5 0.482836 0.344592 0.040246 0.085227
5 0.586707 0.444024 0.059777 0.140993
5 0.701823 0.442445 0.069839 0.205177
8 0.129431 0.597948 0.003125 0.005556
8 0.391791 0.516066 0.003125 0.005556
8 0.466418 0.406198 0.003125 0.005556
8 0.554454 0.538868 0.003125 0.005556
8 0.672808 0.560634 0.003125 0.005556
