5 0.359753 0.488799 0.003125 0.005556
5 0.486391 0.491039 0.003125 0.005556
5 0.624370 0.489919 0.003125 0.005556
5 0.516633 0.681452 0.003125 0.005556
5 0.624370 0.681452 0.003125 0.005556
0 0.384657 0.447434 0.039062 0.038580
0 0.510525 0.462384 0.034722 0.033758
0 0.650228 0.454186 0.037435 0.040509
0 0.541992 0.658179 0.036892 0.035687
0 0.665419 0.665413 0.035265 0.034722
6 0.406400 0.490652 0.003125 0.005556
6 0.531475 0.488649 0.003125 0.005556
6 0.655424 0.488649 0.003125 0.005556
6 0.563026 0.681624 0.003125 0.005556
6 0.686223 0.679621 0.003125 0.005556
