5 0.281628 0.478719 0.003125 0.005556
5 0.408266 0.370072 0.003125 0.005556
5 0.500882 0.423835 0.003125 0.005556
5 0.486391 0.566084 0.003125 0.005556
5 0.643271 0.614247 0.003125 0.005556
0 0.250922 0.530382 0.025499 0.061728
0 0.384928 0.406443 0.024414 0.070409
0 0.531413 0.394869 0.032010 0.029900
0 0.514323 0.616223 0.026042 0.055941
0 0.682780 0.592593 0.038520 0.039545
6 0.408278 0.453926 0.003125 0.005556
6 0.282828 0.564103 0.003125 0.005556
6 0.548753 0.423210 0.003125 0.005556
6 0.487154 0.644231 0.003125 0.005556
6 0.688276 0.614277 0.003125 0.005556
