5 0.470640 0.370072 0.003125 0.005556
5 0.579007 0.367832 0.003125 0.005556
5 0.393145 0.568324 0.003125 0.005556
5 0.565146 0.562724 0.003125 0.005556
5 0.642641 0.588486 0.003125 0.005556
0 0.378147 0.611400 0.022786 0.059799
0 0.448405 0.408854 0.023329 0.071373
0 0.566406 0.409819 0.018446 0.052083
0 0.549045 0.604167 0.022786 0.058835
0 0.670030 0.634066 0.027127 0.054977
6 0.470583 0.454390 0.003125 0.005556
6 0.579572 0.450960 0.003125 0.005556
6 0.394387 0.648148 0.003125 0.005556
6 0.564140 0.643861 0.003125 0.005556
6 0.643229 0.669582 0.003125 0.005556
