5 0.411416 0.394713 0.003125 0.005556
5 0.506552 0.393593 0.003125 0.005556
5 0.659652 0.364471 0.003125 0.005556
5 0.395035 0.641129 0.003125 0.005556
5 0.566406 0.560484 0.003125 0.005556
5 0.707535 0.609767 0.003125 0.005556
0 0.383572 0.404514 0.028212 0.056906
0 0.529785 0.361593 0.034180 0.048225
0 0.657552 0.387635 0.022786 0.071373
0 0.411241 0.600791 0.029297 0.044367
0 0.539008 0.589217 0.030924 0.054012
0 0.744900 0.565104 0.040148 0.044367
6 0.381402 0.446470 0.003125 0.005556
6 0.552110 0.419459 0.003125 0.005556
6 0.659230 0.445948 0.003125 0.005556
6 0.753463 0.609894 0.003125 0.005556
6 0.536807 0.637815 0.003125 0.005556
6 0.442574 0.613474 0.003125 0.005556
