5 0.154360 0.550403 0.003125 0.005556
5 0.224294 0.575045 0.003125 0.005556
5 0.590978 0.563844 0.003125 0.005556
5 0.377394 0.722894 0.003125 0.005556
5 0.507812 0.697133 0.003125 0.005556
5 0.700605 0.740815 0.003125 0.005556
8 0.125704 0.602459 0.022413 0.063752
8 0.246414 0.600182 0.035861 0.027322
8 0.618468 0.580829 0.038422 0.027322
8 0.376089 0.773224 0.035220 0.045537
8 0.506084 0.732810 0.027536 0.071721
8 0.750384 0.763547 0.042264 0.026184
6 0.165087 0.628643 0.003125 0.005556
6 0.281634 0.599044 0.003125 0.005556
6 0.407147 0.776639 0.003125 0.005556
6 0.525615 0.773224 0.003125 0.005556
6 0.649206 0.562614 0.003125 0.005556
6 0.759349 0.740209 0.003125 0.005556
