5 0.438508 0.568324 0.003125 0.005556
5 0.689894 0.497760 0.003125 0.005556
5 0.798891 0.495520 0.003125 0.005556
5 0.350302 0.670251 0.003125 0.005556
5 0.583417 0.670251 0.003125 0.005556
5 0.701865 0.721774 0.003125 0.005556
8 0.366163 0.721995 0.033299 0.054645
8 0.446529 0.625228 0.031378 0.056922
8 0.588371 0.700364 0.030738 0.059199
8 0.706199 0.559199 0.033299 0.061475
8 0.825948 0.550091 0.026895 0.061475
8 0.750064 0.748179 0.046747 0.027322
6 0.407304 0.747354 0.003125 0.005556
6 0.482949 0.673501 0.003125 0.005556
6 0.612537 0.750661 0.003125 0.005556
6 0.721044 0.595238 0.003125 0.005556
6 0.836992 0.596340 0.003125 0.005556
6 0.760727 0.725309 0.003125 0.005556
