5 0.369204 0.551523 0.003125 0.005556
5 0.426537 0.529122 0.003125 0.005556
5 0.550025 0.504480 0.003125 0.005556
5 0.648942 0.573925 0.003125 0.005556
5 0.798891 0.503360 0.003125 0.005556
5 0.162550 0.704973 0.003125 0.005556
5 0.349672 0.730735 0.003125 0.005556
5 0.569556 0.676971 0.003125 0.005556
5 0.700605 0.729615 0.003125 0.005556
8 0.160605 0.761840 0.030738 0.059199
8 0.373527 0.614413 0.024974 0.058060
8 0.435963 0.581967 0.033299 0.054645
8 0.586770 0.531307 0.037782 0.030738
8 0.663614 0.621812 0.024974 0.072860
8 0.824987 0.555214 0.028817 0.064891
8 0.361680 0.754440 0.038422 0.035291
8 0.601178 0.703210 0.038422 0.035291
8 0.751665 0.752163 0.043545 0.030738
6 0.200211 0.783730 0.003125 0.005556
6 0.395523 0.679012 0.003125 0.005556
6 0.407304 0.758377 0.003125 0.005556
6 0.467448 0.598545 0.003125 0.005556
6 0.621838 0.527998 0.003125 0.005556
6 0.627418 0.705467 0.003125 0.005556
6 0.670821 0.677910 0.003125 0.005556
6 0.761967 0.730820 0.003125 0.005556
6 0.838852 0.600750 0.003125 0.005556
