5 0.202243 0.529122 0.003125 0.005556
5 0.357233 0.505600 0.003125 0.005556
5 0.550025 0.506720 0.003125 0.005556
5 0.649572 0.576165 0.003125 0.005556
5 0.802041 0.504480 0.003125 0.005556
5 0.160660 0.708333 0.003125 0.005556
5 0.349042 0.732975 0.003125 0.005556
5 0.567666 0.680332 0.003125 0.005556
5 0.701865 0.731855 0.003125 0.005556
8 0.209273 0.559768 0.034580 0.044399
8 0.374808 0.533015 0.033940 0.040984
8 0.586770 0.531307 0.040343 0.035291
8 0.663934 0.624658 0.026895 0.069444
8 0.824987 0.556352 0.027536 0.062614
8 0.158363 0.763547 0.032659 0.062614
8 0.362001 0.756148 0.039062 0.040984
8 0.600218 0.706056 0.040343 0.036430
8 0.751665 0.754440 0.040984 0.030738
6 0.242994 0.578704 0.003125 0.005556
6 0.411024 0.554453 0.003125 0.005556
6 0.621838 0.529101 0.003125 0.005556
6 0.670201 0.680115 0.003125 0.005556
6 0.838232 0.605159 0.003125 0.005556
6 0.198971 0.788139 0.003125 0.005556
6 0.411024 0.759480 0.003125 0.005556
6 0.628038 0.705467 0.003125 0.005556
6 0.762587 0.730820 0.003125 0.005556
