5 0.208543 0.414875 0.003125 0.005556
5 0.320060 0.413754 0.003125 0.005556
5 0.428427 0.386873 0.003125 0.005556
5 0.578377 0.428315 0.003125 0.005556
5 0.715096 0.399194 0.003125 0.005556
5 0.113407 0.612007 0.003125 0.005556
5 0.343372 0.554884 0.003125 0.005556
5 0.412676 0.627688 0.003125 0.005556
5 0.485761 0.572805 0.003125 0.005556
5 0.655242 0.569444 0.003125 0.005556
5 0.753528 0.567204 0.003125 0.005556
8 0.135927 0.632320 0.037479 0.031907
8 0.215108 0.457301 0.033256 0.047860
8 0.346548 0.431494 0.034312 0.041291
8 0.455289 0.428209 0.036423 0.042230
8 0.610220 0.430086 0.036951 0.025338
8 0.751161 0.393487 0.038007 0.025338
8 0.358425 0.578829 0.032728 0.048799
8 0.441037 0.657658 0.040646 0.033784
8 0.500158 0.589621 0.038535 0.038476
8 0.668285 0.603228 0.031672 0.054429
8 0.791807 0.562406 0.035895 0.044107
6 0.184557 0.635464 0.003125 0.005556
6 0.247699 0.486111 0.003125 0.005556
6 0.387361 0.482306 0.003125 0.005556
6 0.385220 0.628805 0.003125 0.005556
6 0.499197 0.455670 0.003125 0.005556
6 0.470302 0.652588 0.003125 0.005556
6 0.529163 0.625000 0.003125 0.005556
6 0.634043 0.426180 0.003125 0.005556
6 0.769959 0.421423 0.003125 0.005556
6 0.686483 0.618341 0.003125 0.005556
6 0.799390 0.589802 0.003125 0.005556
