5 0.199723 0.468638 0.003125 0.005556
5 0.298639 0.445116 0.003125 0.005556
5 0.449219 0.446237 0.003125 0.005556
5 0.545615 0.446237 0.003125 0.005556
5 0.777470 0.468638 0.003125 0.005556
5 0.146799 0.614247 0.003125 0.005556
5 0.345892 0.641129 0.003125 0.005556
5 0.404486 0.689292 0.003125 0.005556
5 0.648311 0.638889 0.003125 0.005556
5 0.749118 0.638889 0.003125 0.005556
5 0.836064 0.641129 0.003125 0.005556
8 0.128610 0.672875 0.021899 0.074705
8 0.205256 0.513468 0.033144 0.044192
8 0.306759 0.503472 0.033736 0.049453
8 0.345230 0.673927 0.015980 0.064184
8 0.437855 0.485585 0.018939 0.066288
8 0.431937 0.724958 0.041430 0.033670
8 0.559482 0.480850 0.025450 0.056818
8 0.661577 0.676557 0.033144 0.058923
8 0.823449 0.469276 0.039654 0.039983
8 0.786754 0.638678 0.034920 0.042088
8 0.887370 0.667614 0.038471 0.038931
6 0.239583 0.542929 0.003125 0.005556
6 0.349077 0.541877 0.003125 0.005556
6 0.448509 0.541877 0.003125 0.005556
6 0.574219 0.540123 0.003125 0.005556
6 0.836589 0.517843 0.003125 0.005556
6 0.154622 0.721354 0.003125 0.005556
6 0.346137 0.719425 0.003125 0.005556
6 0.461155 0.718461 0.003125 0.005556
6 0.680339 0.689525 0.003125 0.005556
6 0.793728 0.667342 0.003125 0.005556
6 0.908813 0.689887 0.003125 0.005556
