5 0.198463 0.437276 0.003125 0.005556
5 0.345262 0.488799 0.003125 0.005556
5 0.468750 0.495520 0.003125 0.005556
5 0.635711 0.497760 0.003125 0.005556
5 0.756678 0.456317 0.003125 0.005556
5 0.136089 0.656810 0.003125 0.005556
5 0.224924 0.660170 0.003125 0.005556
5 0.381174 0.636649 0.003125 0.005556
5 0.497732 0.642249 0.003125 0.005556
5 0.682964 0.647849 0.003125 0.005556
5 0.871346 0.653450 0.003125 0.005556
8 0.176551 0.472433 0.014796 0.058923
8 0.368016 0.481902 0.036695 0.025253
8 0.496153 0.505051 0.038471 0.035774
8 0.668383 0.506103 0.039654 0.033670
8 0.769590 0.482428 0.024266 0.057870
8 0.149917 0.686027 0.043205 0.029461
8 0.259411 0.677609 0.044389 0.031566
8 0.382221 0.669718 0.016572 0.064184
8 0.532552 0.638678 0.039062 0.027357
8 0.694129 0.688657 0.028409 0.059975
8 0.922881 0.667088 0.037287 0.027357
6 0.188430 0.532407 0.003125 0.005556
6 0.402344 0.490520 0.003125 0.005556
6 0.524492 0.492725 0.003125 0.005556
6 0.685082 0.492725 0.003125 0.005556
6 0.763827 0.547840 0.003125 0.005556
6 0.195250 0.659171 0.003125 0.005556
6 0.308718 0.663580 0.003125 0.005556
6 0.380642 0.717593 0.003125 0.005556
6 0.549293 0.641534 0.003125 0.005556
6 0.714224 0.726411 0.003125 0.005556
6 0.936198 0.666887 0.003125 0.005556
