5 0.176411 0.323029 0.003125 0.005556
5 0.270917 0.318548 0.003125 0.005556
5 0.364793 0.333109 0.003125 0.005556
5 0.483871 0.352151 0.003125 0.005556
5 0.657132 0.321909 0.003125 0.005556
5 0.761089 0.296147 0.003125 0.005556
5 0.185232 0.482079 0.003125 0.005556
5 0.279738 0.501120 0.003125 0.005556
5 0.443548 0.491039 0.003125 0.005556
5 0.735257 0.480959 0.003125 0.005556
5 0.818422 0.473118 0.003125 0.005556
8 0.175959 0.349853 0.023082 0.055766
8 0.265625 0.336174 0.016572 0.059975
8 0.365057 0.367214 0.023674 0.052609
8 0.506806 0.353009 0.034920 0.026305
8 0.676669 0.353535 0.036103 0.044192
8 0.799479 0.327757 0.031960 0.059975
8 0.865471 0.478220 0.037287 0.028409
8 0.783795 0.502946 0.036103 0.048401
8 0.445845 0.506629 0.030185 0.057870
8 0.285452 0.539773 0.030185 0.052609
8 0.177438 0.510311 0.031960 0.052609
6 0.202908 0.410783 0.003125 0.005556
6 0.283746 0.406925 0.003125 0.005556
6 0.391168 0.404032 0.003125 0.005556
6 0.538194 0.350019 0.003125 0.005556
6 0.700955 0.385706 0.003125 0.005556
6 0.807834 0.384742 0.003125 0.005556
6 0.882161 0.478299 0.003125 0.005556
6 0.796984 0.547743 0.003125 0.005556
6 0.474718 0.540992 0.003125 0.005556
6 0.319010 0.570891 0.003125 0.005556
6 0.207248 0.551601 0.003125 0.005556
