5 0.179561 0.321909 0.003125 0.005556
5 0.269027 0.319668 0.003125 0.005556
5 0.364793 0.333109 0.003125 0.005556
5 0.484501 0.353271 0.003125 0.005556
5 0.589718 0.328629 0.003125 0.005556
5 0.760459 0.297267 0.003125 0.005556
5 0.183972 0.483199 0.003125 0.005556
5 0.442918 0.491039 0.003125 0.005556
5 0.555066 0.460797 0.003125 0.005556
5 0.735887 0.479839 0.003125 0.005556
5 0.820312 0.476478 0.003125 0.005556
8 0.175367 0.353009 0.021899 0.055766
8 0.268880 0.337226 0.019531 0.053662
8 0.365353 0.371423 0.027817 0.052609
8 0.507102 0.353535 0.034328 0.025253
8 0.612453 0.355640 0.033144 0.044192
8 0.798887 0.329861 0.031960 0.053662
8 0.866359 0.478746 0.036695 0.029461
8 0.785275 0.501894 0.036695 0.048401
8 0.577237 0.503998 0.032552 0.050505
8 0.447917 0.503472 0.028409 0.055766
8 0.178326 0.512942 0.031368 0.055766
6 0.200738 0.411748 0.003125 0.005556
6 0.283203 0.409819 0.003125 0.005556
6 0.393338 0.401138 0.003125 0.005556
6 0.538194 0.350984 0.003125 0.005556
6 0.633681 0.390529 0.003125 0.005556
6 0.808919 0.386671 0.003125 0.005556
6 0.882161 0.473777 0.003125 0.005556
6 0.797119 0.546839 0.003125 0.005556
6 0.600421 0.535112 0.003125 0.005556
6 0.474456 0.539794 0.003125 0.005556
6 0.207031 0.550595 0.003125 0.005556
