5 0.138609 0.330869 0.003125 0.005556
5 0.270917 0.306228 0.003125 0.005556
5 0.364163 0.347670 0.003125 0.005556
5 0.495842 0.347670 0.003125 0.005556
5 0.626260 0.296147 0.003125 0.005556
5 0.182712 0.463038 0.003125 0.005556
5 0.279108 0.465278 0.003125 0.005556
5 0.414567 0.484319 0.003125 0.005556
5 0.553175 0.459677 0.003125 0.005556
5 0.732107 0.480959 0.003125 0.005556
5 0.815272 0.477599 0.003125 0.005556
8 0.126539 0.350905 0.031960 0.045244
8 0.265921 0.320918 0.017164 0.058923
8 0.382812 0.351431 0.034328 0.027357
8 0.522491 0.345644 0.035511 0.036827
8 0.654474 0.333018 0.033144 0.047348
8 0.861624 0.480850 0.037879 0.029461
8 0.780836 0.501368 0.037287 0.053662
8 0.573390 0.498211 0.033144 0.053662
8 0.453835 0.472433 0.033144 0.052609
8 0.294330 0.514520 0.033736 0.044192
8 0.175663 0.494003 0.030777 0.053662
6 0.173549 0.394841 0.003125 0.005556
6 0.281808 0.393849 0.003125 0.005556
6 0.417411 0.347222 0.003125 0.005556
6 0.550223 0.366071 0.003125 0.005556
6 0.685268 0.367063 0.003125 0.005556
6 0.204241 0.534722 0.003125 0.005556
6 0.330915 0.533730 0.003125 0.005556
6 0.468750 0.531746 0.003125 0.005556
6 0.596540 0.528770 0.003125 0.005556
6 0.792411 0.552579 0.003125 0.005556
6 0.882254 0.478175 0.003125 0.005556
