5 0.203503 0.333109 0.003125 0.005556
5 0.362903 0.353271 0.003125 0.005556
5 0.496472 0.348790 0.003125 0.005556
5 0.625000 0.298387 0.003125 0.005556
5 0.748488 0.343190 0.003125 0.005556
5 0.182712 0.474238 0.003125 0.005556
5 0.278478 0.471998 0.003125 0.005556
5 0.431578 0.492159 0.003125 0.005556
5 0.606099 0.459677 0.003125 0.005556
5 0.733367 0.484319 0.003125 0.005556
5 0.816532 0.480959 0.003125 0.005556
8 0.199041 0.348801 0.030185 0.049453
8 0.381629 0.354061 0.034328 0.032618
8 0.520715 0.353009 0.034328 0.034722
8 0.654474 0.336174 0.035511 0.043140
8 0.791193 0.349327 0.040246 0.037879
8 0.175663 0.504524 0.028409 0.057870
8 0.295514 0.521359 0.034920 0.043140
8 0.442590 0.505577 0.031960 0.045244
8 0.630208 0.500316 0.033144 0.051557
8 0.781132 0.508207 0.036695 0.052609
8 0.863696 0.482955 0.036103 0.029461
6 0.240513 0.401786 0.003125 0.005556
6 0.416853 0.352183 0.003125 0.005556
6 0.551339 0.371032 0.003125 0.005556
6 0.684710 0.369048 0.003125 0.005556
6 0.809710 0.366071 0.003125 0.005556
6 0.875000 0.482143 0.003125 0.005556
6 0.794085 0.553571 0.003125 0.005556
6 0.203683 0.542659 0.003125 0.005556
6 0.332031 0.540675 0.003125 0.005556
6 0.471540 0.535714 0.003125 0.005556
6 0.652902 0.531746 0.003125 0.005556
