5 0.173261 0.382392 0.003125 0.005556
5 0.231855 0.335349 0.003125 0.005556
5 0.325101 0.335349 0.003125 0.005556
5 0.444808 0.399194 0.003125 0.005556
5 0.537424 0.329749 0.003125 0.005556
5 0.747858 0.327509 0.003125 0.005556
5 0.277848 0.494400 0.003125 0.005556
5 0.335181 0.469758 0.003125 0.005556
5 0.499622 0.536962 0.003125 0.005556
5 0.649572 0.487679 0.003125 0.005556
5 0.816532 0.487679 0.003125 0.005556
8 0.162346 0.446128 0.019531 0.058923
8 0.237216 0.365109 0.030777 0.044192
8 0.321259 0.347748 0.027225 0.055766
8 0.439927 0.429293 0.018348 0.058923
8 0.561257 0.359322 0.029001 0.053662
8 0.782019 0.364583 0.029001 0.053662
8 0.275982 0.526620 0.030185 0.055766
8 0.339607 0.513468 0.028409 0.054714
8 0.542022 0.555556 0.036695 0.025253
8 0.680812 0.533986 0.039654 0.043140
8 0.863400 0.489794 0.039062 0.026305
6 0.178571 0.522817 0.003125 0.005556
6 0.269531 0.402778 0.003125 0.005556
6 0.348772 0.399802 0.003125 0.005556
6 0.457589 0.491071 0.003125 0.005556
6 0.578125 0.397817 0.003125 0.005556
6 0.807478 0.391865 0.003125 0.005556
6 0.878348 0.488095 0.003125 0.005556
6 0.695871 0.560516 0.003125 0.005556
6 0.570871 0.536706 0.003125 0.005556
6 0.373326 0.564484 0.003125 0.005556
6 0.302455 0.566468 0.003125 0.005556
