5 0.211064 0.328629 0.003125 0.005556
5 0.315650 0.348790 0.003125 0.005556
5 0.437878 0.411514 0.003125 0.005556
5 0.516003 0.342070 0.003125 0.005556
5 0.648311 0.335349 0.003125 0.005556
5 0.270917 0.512321 0.003125 0.005556
5 0.325731 0.485439 0.003125 0.005556
5 0.492692 0.550403 0.003125 0.005556
5 0.643901 0.495520 0.003125 0.005556
5 0.810232 0.488799 0.003125 0.005556
8 0.215613 0.364583 0.029001 0.045244
8 0.311198 0.359848 0.024858 0.056818
8 0.544093 0.341961 0.030185 0.048401
8 0.675781 0.351431 0.031960 0.052609
8 0.432232 0.441919 0.024266 0.058923
8 0.268288 0.544508 0.030185 0.055766
8 0.333393 0.530303 0.030185 0.052609
8 0.537287 0.566077 0.040246 0.025253
8 0.675189 0.540299 0.039062 0.041035
8 0.856889 0.488215 0.037879 0.029461
6 0.246817 0.420096 0.003125 0.005556
6 0.340856 0.417524 0.003125 0.005556
6 0.449846 0.499829 0.003125 0.005556
6 0.556424 0.384088 0.003125 0.005556
6 0.692419 0.399520 0.003125 0.005556
6 0.296007 0.582990 0.003125 0.005556
6 0.365934 0.581276 0.003125 0.005556
6 0.562211 0.546125 0.003125 0.005556
6 0.689525 0.565844 0.003125 0.005556
6 0.872231 0.490331 0.003125 0.005556
