5 0.210433 0.321909 0.003125 0.005556
5 0.315020 0.339830 0.003125 0.005556
5 0.462450 0.319668 0.003125 0.005556
5 0.646421 0.335349 0.003125 0.005556
5 0.754158 0.334229 0.003125 0.005556
5 0.186492 0.485439 0.003125 0.005556
5 0.283518 0.505600 0.003125 0.005556
5 0.422127 0.501120 0.003125 0.005556
5 0.556956 0.475358 0.003125 0.005556
5 0.806452 0.495520 0.003125 0.005556
8 0.189276 0.517151 0.033144 0.047348
8 0.215909 0.356166 0.031960 0.049453
8 0.311790 0.358796 0.026042 0.050505
8 0.486979 0.321444 0.030777 0.047348
8 0.674893 0.354061 0.032552 0.047348
8 0.793857 0.349853 0.034920 0.038931
8 0.304688 0.546086 0.037879 0.042088
8 0.443478 0.517151 0.034920 0.034722
8 0.584339 0.471380 0.034920 0.037879
8 0.854818 0.496633 0.039654 0.029461
6 0.245972 0.413194 0.003125 0.005556
6 0.503540 0.362196 0.003125 0.005556
6 0.338745 0.411024 0.003125 0.005556
6 0.692749 0.399089 0.003125 0.005556
6 0.799561 0.403429 0.003125 0.005556
6 0.225830 0.555339 0.003125 0.005556
6 0.350342 0.549913 0.003125 0.005556
6 0.476074 0.545573 0.003125 0.005556
6 0.600586 0.518446 0.003125 0.005556
6 0.869751 0.497830 0.003125 0.005556
