5 0.127268 0.371192 0.003125 0.005556
5 0.461190 0.320789 0.003125 0.005556
5 0.646421 0.337590 0.003125 0.005556
5 0.754158 0.335349 0.003125 0.005556
5 0.187122 0.485439 0.003125 0.005556
5 0.282258 0.505600 0.003125 0.005556
5 0.419607 0.501120 0.003125 0.005556
5 0.558216 0.476478 0.003125 0.005556
5 0.670363 0.521281 0.003125 0.005556
5 0.807082 0.493280 0.003125 0.005556
8 0.107599 0.409827 0.017756 0.062079
8 0.188980 0.517151 0.033736 0.045244
8 0.304688 0.547138 0.035511 0.042088
8 0.487571 0.323548 0.030777 0.049453
8 0.443182 0.518203 0.035511 0.041035
8 0.583748 0.471380 0.037287 0.039983
8 0.674302 0.355640 0.032552 0.050505
8 0.791489 0.351957 0.040838 0.047348
8 0.695608 0.535038 0.034920 0.036827
8 0.854226 0.496107 0.036103 0.032618
6 0.118408 0.485894 0.003125 0.005556
6 0.223389 0.557509 0.003125 0.005556
6 0.349121 0.552083 0.003125 0.005556
6 0.476074 0.548828 0.003125 0.005556
6 0.499878 0.362196 0.003125 0.005556
6 0.691528 0.403429 0.003125 0.005556
6 0.799561 0.401259 0.003125 0.005556
6 0.603027 0.519531 0.003125 0.005556
6 0.727539 0.544488 0.003125 0.005556
6 0.874023 0.492405 0.003125 0.005556
