5 0.127268 0.368952 0.003125 0.005556
5 0.461820 0.317428 0.003125 0.005556
5 0.647681 0.337590 0.003125 0.005556
5 0.753528 0.338710 0.003125 0.005556
5 0.185862 0.484319 0.003125 0.005556
5 0.282258 0.504480 0.003125 0.005556
5 0.420237 0.501120 0.003125 0.005556
5 0.558216 0.474238 0.003125 0.005556
5 0.670993 0.521281 0.003125 0.005556
5 0.808972 0.496640 0.003125 0.005556
8 0.105528 0.409827 0.014796 0.057870
8 0.188092 0.518729 0.031960 0.050505
8 0.303208 0.547664 0.038471 0.038931
8 0.443774 0.518203 0.034328 0.038931
8 0.481652 0.323022 0.031960 0.046296
8 0.584044 0.471907 0.037879 0.038931
8 0.675485 0.355640 0.030185 0.048401
8 0.792081 0.351431 0.038471 0.044192
8 0.695904 0.536616 0.034328 0.033670
8 0.855410 0.498211 0.038471 0.030513
6 0.117188 0.486979 0.003125 0.005556
6 0.224609 0.555339 0.003125 0.005556
6 0.351562 0.553168 0.003125 0.005556
6 0.502319 0.362196 0.003125 0.005556
6 0.477905 0.548828 0.003125 0.005556
6 0.603027 0.521701 0.003125 0.005556
6 0.692139 0.400174 0.003125 0.005556
6 0.800171 0.402344 0.003125 0.005556
6 0.728149 0.546658 0.003125 0.005556
6 0.870361 0.495660 0.003125 0.005556
