5 0.115297 0.376792 0.003125 0.005556
5 0.156880 0.353271 0.003125 0.005556
5 0.275328 0.372312 0.003125 0.005556
5 0.447959 0.325269 0.003125 0.005556
5 0.543725 0.345430 0.003125 0.005556
5 0.173891 0.488799 0.003125 0.005556
5 0.270287 0.511201 0.003125 0.005556
5 0.449219 0.507841 0.003125 0.005556
5 0.572707 0.479839 0.003125 0.005556
5 0.795741 0.503360 0.003125 0.005556
8 0.093691 0.416141 0.019531 0.062079
8 0.162050 0.375105 0.040246 0.034722
8 0.279830 0.382471 0.035511 0.028409
8 0.471591 0.333544 0.035511 0.039983
8 0.567176 0.364057 0.032552 0.042088
8 0.172408 0.522412 0.033736 0.047348
8 0.290779 0.552925 0.040838 0.041035
8 0.470111 0.522412 0.031368 0.047348
8 0.618667 0.507155 0.039654 0.037879
8 0.843572 0.511364 0.036103 0.033670
6 0.106201 0.491319 0.003125 0.005556
6 0.208130 0.396918 0.003125 0.005556
6 0.314941 0.417535 0.003125 0.005556
6 0.489502 0.369792 0.003125 0.005556
6 0.597534 0.390408 0.003125 0.005556
6 0.210571 0.559679 0.003125 0.005556
6 0.337524 0.559679 0.003125 0.005556
6 0.492554 0.556424 0.003125 0.005556
6 0.630016 0.529588 0.003125 0.005556
6 0.858167 0.511097 0.003125 0.005556
