5 0.126638 0.381272 0.003125 0.005556
5 0.221144 0.402554 0.003125 0.005556
5 0.435988 0.376792 0.003125 0.005556
5 0.529234 0.335349 0.003125 0.005556
5 0.660912 0.334229 0.003125 0.005556
5 0.769279 0.357751 0.003125 0.005556
5 0.294859 0.543683 0.003125 0.005556
5 0.323841 0.495520 0.003125 0.005556
5 0.461820 0.492159 0.003125 0.005556
5 0.684854 0.540323 0.003125 0.005556
8 0.109967 0.411932 0.018939 0.062079
8 0.193419 0.429819 0.016572 0.064184
8 0.321851 0.561343 0.037879 0.030513
8 0.350852 0.488215 0.036695 0.033670
8 0.441702 0.412458 0.020715 0.067340
8 0.478989 0.513994 0.030185 0.049453
8 0.566584 0.345118 0.039654 0.039983
8 0.690578 0.316183 0.031960 0.030513
8 0.808357 0.359322 0.035511 0.032618
8 0.720170 0.527146 0.039062 0.025253
6 0.133583 0.473396 0.003125 0.005556
6 0.213358 0.495892 0.003125 0.005556
6 0.393816 0.494914 0.003125 0.005556
6 0.363556 0.567293 0.003125 0.005556
6 0.448283 0.471440 0.003125 0.005556
6 0.504952 0.540884 0.003125 0.005556
6 0.581976 0.378521 0.003125 0.005556
6 0.702465 0.336463 0.003125 0.005556
6 0.824604 0.377543 0.003125 0.005556
6 0.742628 0.541862 0.003125 0.005556
