5 0.158140 0.344310 0.003125 0.005556
5 0.263357 0.343190 0.003125 0.005556
5 0.437248 0.386873 0.003125 0.005556
5 0.555696 0.321909 0.003125 0.005556
5 0.769909 0.362231 0.003125 0.005556
5 0.136089 0.482079 0.003125 0.005556
5 0.295489 0.550403 0.003125 0.005556
5 0.462450 0.503360 0.003125 0.005556
5 0.559476 0.524642 0.003125 0.005556
8 0.124763 0.523464 0.026042 0.066288
8 0.143111 0.359322 0.024858 0.059975
8 0.249645 0.357744 0.026042 0.054714
8 0.323035 0.577652 0.037879 0.031566
8 0.441406 0.420875 0.020123 0.063131
8 0.563625 0.349853 0.020715 0.059975
8 0.481357 0.523464 0.032552 0.045244
8 0.593217 0.517151 0.037287 0.028409
8 0.809541 0.365109 0.037879 0.031566
6 0.165493 0.578052 0.003125 0.005556
6 0.166043 0.410798 0.003125 0.005556
6 0.274978 0.411776 0.003125 0.005556
6 0.449934 0.477308 0.003125 0.005556
6 0.570973 0.408842 0.003125 0.005556
6 0.827355 0.378521 0.003125 0.005556
6 0.364657 0.574139 0.003125 0.005556
6 0.504952 0.550665 0.003125 0.005556
6 0.614437 0.524257 0.003125 0.005556
