5 0.125378 0.376792 0.003125 0.005556
5 0.241305 0.421595 0.003125 0.005556
5 0.389365 0.446237 0.003125 0.005556
5 0.342112 0.610887 0.003125 0.005556
5 0.577117 0.374552 0.003125 0.005556
5 0.698715 0.396953 0.003125 0.005556
3 0.191051 0.368266 0.119555 0.023148
3 0.263554 0.506103 0.042022 0.170455
3 0.425722 0.609217 0.131984 0.023148
3 0.452060 0.444024 0.117188 0.025253
3 0.607422 0.470328 0.056226 0.132576
3 0.758937 0.490320 0.109493 0.174663
6 0.257601 0.376126 0.003125 0.005556
6 0.286634 0.613551 0.003125 0.005556
6 0.497783 0.613551 0.003125 0.005556
6 0.525760 0.421171 0.003125 0.005556
6 0.637141 0.538476 0.003125 0.005556
6 0.823480 0.586336 0.003125 0.005556
