5 0.140499 0.417115 0.003125 0.005556
5 0.258317 0.459677 0.003125 0.005556
5 0.355343 0.457437 0.003125 0.005556
5 0.364793 0.653450 0.003125 0.005556
5 0.598538 0.405914 0.003125 0.005556
5 0.719506 0.427195 0.003125 0.005556
3 0.207327 0.409827 0.123698 0.019992
3 0.282197 0.546612 0.044981 0.173611
3 0.382812 0.541877 0.072206 0.143098
3 0.446733 0.648674 0.136127 0.017887
3 0.628137 0.505577 0.055043 0.135732
3 0.784091 0.519781 0.110085 0.176768
6 0.275549 0.414602 0.003125 0.005556
6 0.307221 0.654842 0.003125 0.005556
6 0.421769 0.624812 0.003125 0.005556
6 0.522065 0.649212 0.003125 0.005556
6 0.659840 0.569444 0.003125 0.005556
6 0.846706 0.616366 0.003125 0.005556
