3 0.185259 0.525046 0.068519 0.170765
3 0.287077 0.554076 0.045466 0.174180
3 0.479188 0.444217 0.124872 0.034153
3 0.506404 0.593921 0.107582 0.069444
3 0.687948 0.611566 0.096696 0.047814
3 0.798092 0.497154 0.131276 0.124089
5 0.156762 0.424863 0.003125 0.005556
5 0.263064 0.466985 0.003125 0.005556
5 0.398822 0.441940 0.003125 0.005556
5 0.439805 0.558060 0.003125 0.005556
5 0.611424 0.627505 0.003125 0.005556
5 0.722208 0.433971 0.003125 0.005556
6 0.225922 0.613843 0.003125 0.005556
6 0.311091 0.663934 0.003125 0.005556
6 0.548028 0.437386 0.003125 0.005556
6 0.567879 0.603597 0.003125 0.005556
6 0.738858 0.625228 0.003125 0.005556
6 0.870774 0.546676 0.003125 0.005556
