3 0.183978 0.525615 0.067239 0.171903
3 0.286117 0.556352 0.047387 0.174180
3 0.369365 0.534722 0.081967 0.167350
3 0.506724 0.587090 0.108222 0.055783
3 0.687308 0.612705 0.096696 0.050091
3 0.797451 0.493739 0.131276 0.117259
5 0.157403 0.424863 0.003125 0.005556
5 0.261142 0.468124 0.003125 0.005556
5 0.329662 0.445355 0.003125 0.005556
5 0.440446 0.560337 0.003125 0.005556
5 0.610143 0.626366 0.003125 0.005556
5 0.723489 0.432832 0.003125 0.005556
6 0.227203 0.611566 0.003125 0.005556
6 0.310451 0.666211 0.003125 0.005556
6 0.409068 0.634335 0.003125 0.005556
6 0.567239 0.604736 0.003125 0.005556
6 0.736936 0.627505 0.003125 0.005556
6 0.872054 0.547814 0.003125 0.005556
