3 0.190382 0.547814 0.069800 0.173042
3 0.294121 0.579121 0.049308 0.171903
3 0.375768 0.556352 0.085809 0.167350
3 0.527536 0.540984 0.076844 0.147996
3 0.672259 0.485200 0.137039 0.047814
3 0.774398 0.608720 0.094134 0.030738
5 0.161885 0.445355 0.003125 0.005556
5 0.268827 0.488616 0.003125 0.005556
5 0.337346 0.461293 0.003125 0.005556
5 0.487193 0.457878 0.003125 0.005556
5 0.595415 0.455601 0.003125 0.005556
5 0.699795 0.592213 0.003125 0.005556
6 0.235528 0.638889 0.003125 0.005556
6 0.320697 0.685565 0.003125 0.005556
6 0.419954 0.655965 0.003125 0.005556
6 0.576204 0.622951 0.003125 0.005556
6 0.749103 0.493169 0.003125 0.005556
6 0.831071 0.613843 0.003125 0.005556
