3 0.186860 0.533584 0.071721 0.176457
3 0.292200 0.563752 0.046747 0.173042
3 0.435963 0.522199 0.090932 0.160519
3 0.527856 0.532445 0.076204 0.149135
3 0.659452 0.527892 0.120389 0.146858
3 0.839716 0.498862 0.072362 0.120674
5 0.163166 0.430556 0.003125 0.005556
5 0.268186 0.472678 0.003125 0.005556
5 0.393699 0.427140 0.003125 0.005556
5 0.487193 0.451047 0.003125 0.005556
5 0.596055 0.444217 0.003125 0.005556
5 0.784324 0.422587 0.003125 0.005556
6 0.233607 0.621812 0.003125 0.005556
6 0.318135 0.673042 0.003125 0.005556
6 0.490394 0.619536 0.003125 0.005556
6 0.572362 0.614982 0.003125 0.005556
6 0.731814 0.612705 0.003125 0.005556
6 0.881660 0.586521 0.003125 0.005556
