3 0.248655 0.581398 0.213243 0.176457
3 0.387295 0.519923 0.046107 0.199226
3 0.484951 0.508538 0.046747 0.155965
3 0.626793 0.525615 0.140881 0.228825
3 0.730853 0.518784 0.054431 0.149135
3 0.812180 0.500000 0.060835 0.168488
5 0.129867 0.681011 0.003125 0.005556
5 0.348873 0.446494 0.003125 0.005556
5 0.446209 0.438525 0.003125 0.005556
5 0.633837 0.427140 0.003125 0.005556
5 0.688909 0.426002 0.003125 0.005556
5 0.767674 0.419171 0.003125 0.005556
6 0.359119 0.665073 0.003125 0.005556
6 0.406506 0.637750 0.003125 0.005556
6 0.488473 0.607013 0.003125 0.005556
6 0.700435 0.611566 0.003125 0.005556
6 0.759990 0.611566 0.003125 0.005556
6 0.843238 0.608151 0.003125 0.005556
