3 0.266586 0.554076 0.027536 0.206056
3 0.387295 0.529599 0.046107 0.200364
3 0.484951 0.521061 0.048028 0.153689
3 0.627433 0.538138 0.138320 0.233379
3 0.730213 0.533584 0.054431 0.153689
3 0.814101 0.512523 0.060835 0.173042
5 0.255379 0.431694 0.003125 0.005556
5 0.350154 0.456740 0.003125 0.005556
5 0.445569 0.448770 0.003125 0.005556
5 0.635758 0.438525 0.003125 0.005556
5 0.688268 0.435109 0.003125 0.005556
5 0.768955 0.435109 0.003125 0.005556
6 0.271388 0.679872 0.003125 0.005556
6 0.403304 0.642304 0.003125 0.005556
6 0.487833 0.614982 0.003125 0.005556
6 0.702357 0.627505 0.003125 0.005556
6 0.759349 0.626366 0.003125 0.005556
6 0.842597 0.622951 0.003125 0.005556
