3 0.298284 0.559199 0.088371 0.147996
3 0.486552 0.518215 0.047387 0.154827
3 0.630315 0.541553 0.140241 0.235656
3 0.734375 0.536430 0.051230 0.150273
3 0.817303 0.518784 0.060835 0.169627
5 0.240651 0.478370 0.003125 0.005556
5 0.448130 0.451047 0.003125 0.005556
5 0.637039 0.444217 0.003125 0.005556
5 0.691470 0.440801 0.003125 0.005556
5 0.769595 0.439663 0.003125 0.005556
6 0.348233 0.647996 0.003125 0.005556
6 0.491675 0.617259 0.003125 0.005556
6 0.704278 0.629781 0.003125 0.005556
6 0.761270 0.630920 0.003125 0.005556
6 0.844518 0.628643 0.003125 0.005556
