3 0.283555 0.646858 0.097336 0.018215
3 0.488794 0.484062 0.104380 0.050091
3 0.545146 0.690688 0.283683 0.051230
3 0.610784 0.632628 0.096055 0.028461
3 0.705879 0.491462 0.108222 0.042122
5 0.232326 0.635474 0.003125 0.005556
5 0.418033 0.486339 0.003125 0.005556
5 0.401383 0.682149 0.003125 0.005556
5 0.545466 0.626366 0.003125 0.005556
5 0.636399 0.503415 0.003125 0.005556
6 0.347592 0.635474 0.003125 0.005556
6 0.540343 0.460155 0.003125 0.005556
6 0.660733 0.622951 0.003125 0.005556
6 0.692751 0.668488 0.003125 0.005556
6 0.762551 0.474954 0.003125 0.005556
