3 0.346311 0.463001 0.093494 0.026184
3 0.371926 0.533584 0.275359 0.033015
3 0.385374 0.636043 0.112705 0.033015
3 0.706199 0.494877 0.103740 0.039845
3 0.610784 0.635474 0.094775 0.027322
3 0.546427 0.694103 0.284964 0.058060
5 0.295082 0.469262 0.003125 0.005556
5 0.223361 0.546676 0.003125 0.005556
5 0.316855 0.640027 0.003125 0.005556
5 0.402024 0.686703 0.003125 0.005556
5 0.545466 0.629781 0.003125 0.005556
5 0.637679 0.501138 0.003125 0.005556
6 0.406506 0.468124 0.003125 0.005556
6 0.514728 0.533015 0.003125 0.005556
6 0.447490 0.635474 0.003125 0.005556
6 0.658171 0.629781 0.003125 0.005556
6 0.690190 0.671903 0.003125 0.005556
6 0.761270 0.476093 0.003125 0.005556
