3 0.347592 0.460155 0.094775 0.029599
3 0.443648 0.514800 0.270236 0.050091
3 0.708120 0.486339 0.103740 0.036430
3 0.386975 0.634904 0.110784 0.035291
3 0.611104 0.625797 0.097976 0.026184
3 0.545786 0.688980 0.284964 0.050091
5 0.297643 0.470401 0.003125 0.005556
5 0.295722 0.535291 0.003125 0.005556
5 0.318776 0.635474 0.003125 0.005556
5 0.403304 0.682149 0.003125 0.005556
5 0.546747 0.632058 0.003125 0.005556
5 0.638320 0.502277 0.003125 0.005556
6 0.407787 0.461293 0.003125 0.005556
6 0.584529 0.498862 0.003125 0.005556
6 0.762551 0.474954 0.003125 0.005556
6 0.447490 0.632058 0.003125 0.005556
6 0.661373 0.625228 0.003125 0.005556
6 0.690830 0.670765 0.003125 0.005556
