3 0.360079 0.471539 0.094134 0.025046
3 0.720927 0.509677 0.108863 0.042122
3 0.623271 0.641735 0.096696 0.023907
3 0.398822 0.645719 0.115266 0.034153
3 0.380251 0.702072 0.288166 0.044399
3 0.735656 0.406079 0.256148 0.094490
5 0.309170 0.474954 0.003125 0.005556
5 0.228484 0.695811 0.003125 0.005556
5 0.329022 0.640027 0.003125 0.005556
5 0.559554 0.637750 0.003125 0.005556
5 0.592853 0.448770 0.003125 0.005556
5 0.649206 0.517077 0.003125 0.005556
6 0.419954 0.472678 0.003125 0.005556
6 0.867572 0.454463 0.003125 0.005556
6 0.776639 0.497723 0.003125 0.005556
6 0.454534 0.636612 0.003125 0.005556
6 0.674180 0.638889 0.003125 0.005556
6 0.533940 0.688980 0.003125 0.005556
