3 0.173412 0.568875 0.030738 0.185565
3 0.364882 0.458447 0.090932 0.023907
3 0.538102 0.534722 0.067239 0.117259
3 0.724769 0.484062 0.106301 0.043260
3 0.392098 0.688411 0.288806 0.044399
3 0.737257 0.384449 0.255507 0.092213
5 0.165087 0.448770 0.003125 0.005556
5 0.315574 0.464709 0.003125 0.005556
5 0.234247 0.688980 0.003125 0.005556
5 0.494237 0.476093 0.003125 0.005556
5 0.598617 0.427140 0.003125 0.005556
5 0.656250 0.493169 0.003125 0.005556
6 0.193263 0.667350 0.003125 0.005556
6 0.424436 0.461293 0.003125 0.005556
6 0.540343 0.673042 0.003125 0.005556
6 0.580686 0.617259 0.003125 0.005556
6 0.779841 0.469262 0.003125 0.005556
6 0.869493 0.436248 0.003125 0.005556
