3 0.163166 0.653119 0.028176 0.187842
3 0.359119 0.534153 0.096055 0.022769
3 0.384093 0.770947 0.290727 0.056922
3 0.535861 0.612705 0.070441 0.116120
3 0.725090 0.555783 0.110784 0.045537
3 0.774398 0.692964 0.270876 0.105874
5 0.156122 0.528461 0.003125 0.005556
5 0.227843 0.777778 0.003125 0.005556
5 0.308530 0.542122 0.003125 0.005556
5 0.489754 0.554645 0.003125 0.005556
5 0.656250 0.568306 0.003125 0.005556
5 0.626793 0.752732 0.003125 0.005556
6 0.180456 0.753871 0.003125 0.005556
6 0.421235 0.539845 0.003125 0.005556
6 0.536501 0.752732 0.003125 0.005556
6 0.578125 0.703780 0.003125 0.005556
6 0.782403 0.540984 0.003125 0.005556
6 0.906634 0.725410 0.003125 0.005556
