0 0.175564 0.515111 0.037616 0.064300
0 0.247902 0.751093 0.037616 0.042438
0 0.418258 0.520898 0.031105 0.045010
0 0.489149 0.704154 0.032552 0.041152
0 0.638527 0.461741 0.031829 0.047582
0 0.770544 0.573624 0.031105 0.057870
5 0.209563 0.515111 0.003125 0.005556
5 0.257306 0.709298 0.003125 0.005556
5 0.401982 0.547261 0.003125 0.005556
5 0.459852 0.718300 0.003125 0.005556
5 0.635634 0.533115 0.003125 0.005556
5 0.735460 0.548547 0.003125 0.005556
6 0.192202 0.585841 0.003125 0.005556
6 0.287688 0.732446 0.003125 0.005556
6 0.443215 0.521541 0.003125 0.005556
6 0.516999 0.663002 0.003125 0.005556
6 0.662399 0.507395 0.003125 0.005556
6 0.757161 0.643711 0.003125 0.005556
