6 0.188585 0.585841 0.003125 0.005556
6 0.284071 0.731160 0.003125 0.005556
6 0.440321 0.520255 0.003125 0.005556
6 0.658058 0.504823 0.003125 0.005556
6 0.751374 0.646283 0.003125 0.005556
6 0.839828 0.664438 0.003125 0.005556
5 0.204997 0.519893 0.003125 0.005556
5 0.254639 0.703631 0.003125 0.005556
5 0.400309 0.548828 0.003125 0.005556
5 0.632243 0.530020 0.003125 0.005556
5 0.730713 0.544488 0.003125 0.005556
5 0.801514 0.693504 0.003125 0.005556
0 0.172852 0.510489 0.034993 0.067998
0 0.243652 0.741247 0.031738 0.040509
0 0.415104 0.517824 0.027083 0.036111
0 0.633929 0.459077 0.032552 0.044643
0 0.768322 0.576472 0.031622 0.057870
0 0.834821 0.698826 0.036272 0.038029
