6 0.137225 0.515111 0.003125 0.005556
6 0.250796 0.735018 0.003125 0.005556
6 0.383898 0.579411 0.003125 0.005556
6 0.483001 0.697724 0.003125 0.005556
6 0.630570 0.515111 0.003125 0.005556
6 0.681930 0.661716 0.003125 0.005556
6 0.757885 0.553691 0.003125 0.005556
5 0.710142 0.490676 0.003125 0.005556
5 0.606698 0.545975 0.003125 0.005556
5 0.639974 0.661716 0.003125 0.005556
5 0.440321 0.699010 0.003125 0.005556
5 0.383898 0.503537 0.003125 0.005556
5 0.222584 0.709298 0.003125 0.005556
5 0.096716 0.518969 0.003125 0.005556
0 0.107567 0.457240 0.031829 0.041152
0 0.210286 0.744020 0.034722 0.043724
0 0.367260 0.522184 0.023148 0.055298
0 0.458406 0.735661 0.031829 0.039866
0 0.607422 0.473958 0.036169 0.046296
0 0.667101 0.691294 0.032552 0.036008
0 0.749204 0.484246 0.034722 0.036008
