0 0.130353 0.677791 0.033999 0.037294
0 0.196542 0.455954 0.034722 0.043724
0 0.278284 0.639853 0.027488 0.051440
0 0.479384 0.684221 0.030382 0.032150
0 0.626591 0.432806 0.032552 0.048868
0 0.685909 0.646283 0.032552 0.038580
0 0.768374 0.447595 0.033999 0.037294
5 0.146629 0.657858 0.003125 0.005556
5 0.184968 0.513825 0.003125 0.005556
5 0.292028 0.602559 0.003125 0.005556
5 0.459129 0.648855 0.003125 0.005556
5 0.621889 0.503537 0.003125 0.005556
5 0.658782 0.620563 0.003125 0.005556
5 0.728950 0.452096 0.003125 0.005556
6 0.174117 0.681006 0.003125 0.005556
6 0.227648 0.509967 0.003125 0.005556
6 0.302879 0.682292 0.003125 0.005556
6 0.502532 0.652713 0.003125 0.005556
6 0.651548 0.476530 0.003125 0.005556
6 0.700014 0.615419 0.003125 0.005556
6 0.776693 0.521541 0.003125 0.005556
