6 0.171224 0.693866 0.003125 0.005556
6 0.226201 0.522827 0.003125 0.005556
6 0.302879 0.690008 0.003125 0.005556
6 0.501085 0.657858 0.003125 0.005556
6 0.527127 0.490676 0.003125 0.005556
6 0.700014 0.623135 0.003125 0.005556
6 0.773799 0.530543 0.003125 0.005556
5 0.730396 0.457240 0.003125 0.005556
5 0.655165 0.625707 0.003125 0.005556
5 0.458406 0.661716 0.003125 0.005556
5 0.500362 0.488104 0.003125 0.005556
5 0.290582 0.614133 0.003125 0.005556
5 0.183521 0.517683 0.003125 0.005556
5 0.144459 0.666860 0.003125 0.005556
0 0.128906 0.685507 0.033999 0.037294
0 0.195095 0.463670 0.036169 0.046296
0 0.277922 0.647569 0.031105 0.048868
0 0.509042 0.433449 0.036169 0.042438
0 0.479745 0.690008 0.032552 0.036008
0 0.685185 0.655928 0.033999 0.034722
0 0.766927 0.455311 0.032552 0.042438
