6 0.147352 0.535687 0.003125 0.005556
6 0.179181 0.683578 0.003125 0.005556
6 0.308666 0.678434 0.003125 0.005556
6 0.395472 0.527971 0.003125 0.005556
6 0.508319 0.648855 0.003125 0.005556
6 0.705078 0.616705 0.003125 0.005556
6 0.781033 0.521541 0.003125 0.005556
5 0.733290 0.452096 0.003125 0.005556
5 0.662399 0.615419 0.003125 0.005556
5 0.464916 0.647569 0.003125 0.005556
5 0.397642 0.434092 0.003125 0.005556
5 0.298539 0.601273 0.003125 0.005556
5 0.153139 0.650141 0.003125 0.005556
5 0.154586 0.459812 0.003125 0.005556
0 0.119502 0.481674 0.026765 0.056584
0 0.135417 0.675219 0.033999 0.042438
0 0.285156 0.641782 0.029659 0.047582
0 0.377387 0.464956 0.023148 0.064300
0 0.488064 0.681649 0.034722 0.034722
0 0.691696 0.646926 0.032552 0.034722
0 0.772932 0.447374 0.032988 0.040309
