0 0.113715 0.503537 0.026765 0.054012
0 0.133247 0.694509 0.033999 0.037294
0 0.283709 0.657215 0.033999 0.050154
0 0.421152 0.488104 0.022425 0.054012
0 0.574870 0.476530 0.015914 0.059156
0 0.650463 0.643068 0.036892 0.032150
0 0.794054 0.662359 0.033275 0.032150
5 0.148076 0.485532 0.003125 0.005556
5 0.149523 0.673290 0.003125 0.005556
5 0.296369 0.621849 0.003125 0.005556
5 0.437428 0.472672 0.003125 0.005556
5 0.573423 0.455954 0.003125 0.005556
5 0.618996 0.633423 0.003125 0.005556
5 0.762948 0.647569 0.003125 0.005556
6 0.143736 0.556263 0.003125 0.005556
6 0.179181 0.705440 0.003125 0.005556
6 0.305773 0.697724 0.003125 0.005556
6 0.435981 0.544689 0.003125 0.005556
6 0.572700 0.538259 0.003125 0.005556
6 0.662399 0.621849 0.003125 0.005556
6 0.807075 0.665574 0.003125 0.005556
