0 0.105853 0.630920 0.027536 0.061475
0 0.250897 0.550091 0.026895 0.052368
0 0.552510 0.535291 0.021773 0.052368
0 0.734695 0.531876 0.023694 0.059199
0 0.804816 0.720287 0.032018 0.033015
0 0.656250 0.703210 0.032018 0.033015
0 0.454534 0.724271 0.024334 0.047814
0 0.261783 0.761270 0.033299 0.046676
5 0.134349 0.595628 0.003125 0.005556
5 0.279073 0.525046 0.003125 0.005556
5 0.551870 0.511384 0.003125 0.005556
5 0.713243 0.507969 0.003125 0.005556
5 0.772157 0.704918 0.003125 0.005556
5 0.626153 0.685565 0.003125 0.005556
5 0.457095 0.693534 0.003125 0.005556
5 0.253458 0.743625 0.003125 0.005556
6 0.139472 0.695811 0.003125 0.005556
6 0.275231 0.591075 0.003125 0.005556
6 0.567239 0.589936 0.003125 0.005556
6 0.735656 0.585383 0.003125 0.005556
6 0.818904 0.727687 0.003125 0.005556
6 0.670338 0.683288 0.003125 0.005556
6 0.471183 0.766393 0.003125 0.005556
6 0.311732 0.718579 0.003125 0.005556
