0 0.134349 0.519923 0.028176 0.053506
0 0.348553 0.495446 0.021132 0.047814
0 0.561475 0.488046 0.024334 0.051230
0 0.740459 0.490323 0.019851 0.051230
0 0.810899 0.674180 0.035220 0.029599
0 0.665215 0.651412 0.030738 0.027322
0 0.465740 0.677596 0.023694 0.047814
0 0.275551 0.710610 0.030097 0.043260
5 0.165727 0.505692 0.003125 0.005556
5 0.357838 0.478370 0.003125 0.005556
5 0.561475 0.468124 0.003125 0.005556
5 0.722208 0.464709 0.003125 0.005556
5 0.778560 0.661658 0.003125 0.005556
5 0.636399 0.638889 0.003125 0.005556
5 0.467341 0.644581 0.003125 0.005556
5 0.324539 0.673042 0.003125 0.005556
6 0.163166 0.556922 0.003125 0.005556
6 0.371926 0.547814 0.003125 0.005556
6 0.576204 0.542122 0.003125 0.005556
6 0.742059 0.542122 0.003125 0.005556
6 0.825307 0.685565 0.003125 0.005556
6 0.678663 0.637750 0.003125 0.005556
6 0.482070 0.721995 0.003125 0.005556
6 0.265625 0.700364 0.003125 0.005556
