0 0.136270 0.591644 0.033299 0.058060
0 0.296683 0.541553 0.024974 0.048953
0 0.457736 0.526184 0.024334 0.052368
0 0.597976 0.558060 0.032018 0.047814
0 0.827228 0.735656 0.034580 0.034153
0 0.578445 0.741917 0.032659 0.035291
0 0.459016 0.750455 0.029457 0.056922
0 0.339588 0.756148 0.031378 0.038707
0 0.188140 0.758994 0.039703 0.035291
5 0.167649 0.571721 0.003125 0.005556
5 0.295722 0.518215 0.003125 0.005556
5 0.446209 0.515938 0.003125 0.005556
5 0.583888 0.531876 0.003125 0.005556
5 0.796491 0.719718 0.003125 0.005556
5 0.547387 0.735656 0.003125 0.005556
5 0.462218 0.711749 0.003125 0.005556
5 0.315574 0.744763 0.003125 0.005556
5 0.170850 0.750455 0.003125 0.005556
6 0.165087 0.624089 0.003125 0.005556
6 0.322618 0.589936 0.003125 0.005556
6 0.473745 0.589936 0.003125 0.005556
6 0.629355 0.576275 0.003125 0.005556
6 0.836834 0.716302 0.003125 0.005556
6 0.592213 0.725410 0.003125 0.005556
6 0.479508 0.791439 0.003125 0.005556
6 0.361040 0.741348 0.003125 0.005556
6 0.228484 0.775501 0.003125 0.005556
