0 0.149718 0.556352 0.030738 0.058060
0 0.394980 0.523907 0.029457 0.038707
0 0.803535 0.501708 0.028176 0.053506
0 0.708760 0.680442 0.032018 0.044399
0 0.611424 0.653119 0.030738 0.046676
0 0.402024 0.711179 0.028176 0.039845
0 0.236488 0.708333 0.022413 0.047814
5 0.180456 0.542122 0.003125 0.005556
5 0.376409 0.522769 0.003125 0.005556
5 0.769595 0.500000 0.003125 0.005556
5 0.686988 0.718579 0.003125 0.005556
5 0.584529 0.694672 0.003125 0.005556
5 0.382812 0.743625 0.003125 0.005556
5 0.225922 0.690118 0.003125 0.005556
6 0.177254 0.587659 0.003125 0.005556
6 0.417392 0.567168 0.003125 0.005556
6 0.803535 0.568306 0.003125 0.005556
6 0.733094 0.724271 0.003125 0.005556
6 0.629355 0.696949 0.003125 0.005556
6 0.426358 0.716302 0.003125 0.005556
6 0.265625 0.769809 0.003125 0.005556
