2 0.154201 0.479508 0.012807 0.038707
2 0.303727 0.632058 0.022413 0.027322
2 0.588691 0.677026 0.021132 0.023907
2 0.665215 0.505692 0.021773 0.025046
2 0.767674 0.688411 0.025615 0.026184
5 0.184298 0.448770 0.003125 0.005556
5 0.290599 0.663934 0.003125 0.005556
5 0.558914 0.655965 0.003125 0.005556
5 0.624872 0.506831 0.003125 0.005556
5 0.729892 0.649135 0.003125 0.005556
6 0.176614 0.520492 0.003125 0.005556
6 0.331583 0.658242 0.003125 0.005556
6 0.601819 0.651412 0.003125 0.005556
6 0.687628 0.509107 0.003125 0.005556
6 0.772157 0.645719 0.003125 0.005556
