2 0.138832 0.650273 0.017930 0.040984
2 0.287398 0.478939 0.015369 0.037568
2 0.563717 0.677596 0.018571 0.034153
2 0.702036 0.465278 0.017290 0.039845
2 0.767354 0.691257 0.024974 0.027322
5 0.168289 0.612705 0.003125 0.005556
5 0.303407 0.449909 0.003125 0.005556
5 0.531378 0.679872 0.003125 0.005556
5 0.673540 0.466985 0.003125 0.005556
5 0.733094 0.654827 0.003125 0.005556
6 0.159324 0.685565 0.003125 0.005556
6 0.298924 0.518215 0.003125 0.005556
6 0.574283 0.653689 0.003125 0.005556
6 0.693391 0.533015 0.003125 0.005556
6 0.776639 0.651412 0.003125 0.005556
