2 0.276191 0.619536 0.014728 0.047814
2 0.422515 0.429986 0.019211 0.021630
2 0.504803 0.587659 0.022413 0.025046
2 0.628714 0.427709 0.023053 0.026184
2 0.713883 0.654827 0.021773 0.029599
5 0.304687 0.594490 0.003125 0.005556
5 0.407787 0.461293 0.003125 0.005556
5 0.470543 0.626366 0.003125 0.005556
5 0.607582 0.464709 0.003125 0.005556
5 0.680584 0.628643 0.003125 0.005556
6 0.298284 0.666211 0.003125 0.005556
6 0.446849 0.485200 0.003125 0.005556
6 0.527536 0.627505 0.003125 0.005556
6 0.644723 0.469262 0.003125 0.005556
6 0.724769 0.633197 0.003125 0.005556
