2 0.130827 0.607013 0.016009 0.040984
2 0.309810 0.399249 0.019211 0.026184
2 0.509285 0.600751 0.021132 0.037568
2 0.619429 0.377618 0.021132 0.023907
2 0.708120 0.589936 0.021773 0.027322
5 0.152920 0.569444 0.003125 0.005556
5 0.295082 0.451047 0.003125 0.005556
5 0.510886 0.576275 0.003125 0.005556
5 0.595415 0.420310 0.003125 0.005556
5 0.675461 0.569444 0.003125 0.005556
6 0.154841 0.662796 0.003125 0.005556
6 0.334144 0.448770 0.003125 0.005556
6 0.525615 0.629781 0.003125 0.005556
6 0.636399 0.419171 0.003125 0.005556
6 0.715804 0.570583 0.003125 0.005556
