2 0.171171 0.460155 0.019851 0.029599
2 0.256019 0.604736 0.014088 0.038707
2 0.430840 0.581398 0.020492 0.023907
2 0.564037 0.452186 0.024334 0.025046
2 0.708760 0.592782 0.026895 0.028461
5 0.165087 0.456740 0.003125 0.005556
5 0.276511 0.567168 0.003125 0.005556
5 0.413550 0.610428 0.003125 0.005556
5 0.534580 0.444217 0.003125 0.005556
5 0.674821 0.570583 0.003125 0.005556
6 0.203509 0.452186 0.003125 0.005556
6 0.283555 0.660519 0.003125 0.005556
6 0.453893 0.609290 0.003125 0.005556
6 0.584529 0.440801 0.003125 0.005556
6 0.717085 0.571721 0.003125 0.005556
