2 0.151639 0.534153 0.012807 0.034153
2 0.263384 0.532445 0.016009 0.042122
2 0.430520 0.581398 0.019851 0.019353
2 0.561796 0.451047 0.021132 0.020492
2 0.707480 0.593352 0.021773 0.025046
5 0.171491 0.497723 0.003125 0.005556
5 0.279073 0.495446 0.003125 0.005556
5 0.410989 0.608151 0.003125 0.005556
5 0.533299 0.441940 0.003125 0.005556
5 0.675461 0.573998 0.003125 0.005556
6 0.162526 0.593352 0.003125 0.005556
6 0.288038 0.587659 0.003125 0.005556
6 0.455174 0.604736 0.003125 0.005556
6 0.574283 0.452186 0.003125 0.005556
6 0.715164 0.570583 0.003125 0.005556
