2 0.344711 0.609290 0.019851 0.029599
2 0.358799 0.431694 0.017290 0.038707
2 0.457095 0.511384 0.012807 0.034153
2 0.562756 0.452186 0.021773 0.020492
2 0.709080 0.593352 0.022413 0.022769
5 0.329662 0.636612 0.003125 0.005556
5 0.364242 0.407787 0.003125 0.005556
5 0.469903 0.470401 0.003125 0.005556
5 0.531378 0.443078 0.003125 0.005556
5 0.676101 0.578552 0.003125 0.005556
6 0.373207 0.496585 0.003125 0.005556
6 0.370645 0.632058 0.003125 0.005556
6 0.467341 0.556922 0.003125 0.005556
6 0.573642 0.449909 0.003125 0.005556
6 0.715804 0.572860 0.003125 0.005556
