2 0.191662 0.640597 0.021132 0.023907
2 0.344070 0.468693 0.016009 0.039845
2 0.443968 0.553506 0.016009 0.038707
2 0.604700 0.641735 0.023694 0.028461
2 0.717725 0.500000 0.025615 0.022769
5 0.168929 0.684426 0.003125 0.005556
5 0.351434 0.446494 0.003125 0.005556
5 0.455174 0.506831 0.003125 0.005556
5 0.567239 0.622951 0.003125 0.005556
5 0.681224 0.479508 0.003125 0.005556
6 0.226562 0.655965 0.003125 0.005556
6 0.359119 0.530738 0.003125 0.005556
6 0.453253 0.600182 0.003125 0.005556
6 0.624232 0.616120 0.003125 0.005556
6 0.720927 0.474954 0.003125 0.005556
