2 0.293481 0.669057 0.017290 0.044399
2 0.280353 0.501708 0.020492 0.042122
2 0.490074 0.650273 0.027536 0.027322
2 0.513768 0.487477 0.019851 0.040984
2 0.714203 0.665642 0.027536 0.023907
5 0.282915 0.477231 0.003125 0.005556
5 0.509606 0.449909 0.003125 0.005556
5 0.305328 0.610428 0.003125 0.005556
5 0.455174 0.634335 0.003125 0.005556
5 0.681224 0.628643 0.003125 0.005556
6 0.305328 0.543260 0.003125 0.005556
6 0.311091 0.711749 0.003125 0.005556
6 0.534580 0.514800 0.003125 0.005556
6 0.512167 0.630920 0.003125 0.005556
6 0.724129 0.646858 0.003125 0.005556
