2 0.351434 0.489185 0.020492 0.028461
2 0.318776 0.691826 0.026895 0.023907
2 0.506084 0.677596 0.022413 0.036430
2 0.638640 0.481785 0.016009 0.036430
2 0.717405 0.668488 0.019851 0.027322
5 0.323899 0.503415 0.003125 0.005556
5 0.301486 0.671903 0.003125 0.005556
5 0.472464 0.665073 0.003125 0.005556
5 0.641522 0.447632 0.003125 0.005556
5 0.683786 0.630920 0.003125 0.005556
6 0.378970 0.478370 0.003125 0.005556
6 0.357838 0.666211 0.003125 0.005556
6 0.528817 0.661658 0.003125 0.005556
6 0.647285 0.534153 0.003125 0.005556
6 0.727971 0.651412 0.003125 0.005556
