2 0.144595 0.589936 0.014088 0.047814
2 0.280674 0.581967 0.014728 0.047814
2 0.405225 0.700364 0.026895 0.027322
2 0.641201 0.482923 0.016009 0.029599
2 0.716445 0.670765 0.028176 0.018215
5 0.172131 0.559199 0.003125 0.005556
5 0.308530 0.552368 0.003125 0.005556
5 0.373847 0.670765 0.003125 0.005556
5 0.642802 0.449909 0.003125 0.005556
5 0.682505 0.625228 0.003125 0.005556
6 0.161245 0.653689 0.003125 0.005556
6 0.304047 0.646858 0.003125 0.005556
6 0.430840 0.663934 0.003125 0.005556
6 0.648904 0.533686 0.003125 0.005556
6 0.728778 0.653918 0.003125 0.005556
