2 0.143315 0.588798 0.015369 0.038707
2 0.291880 0.488046 0.011527 0.037568
2 0.404905 0.696949 0.023694 0.027322
2 0.548988 0.482354 0.017290 0.042122
2 0.717725 0.675319 0.026895 0.022769
5 0.175333 0.556922 0.003125 0.005556
5 0.312372 0.463570 0.003125 0.005556
5 0.373207 0.667350 0.003125 0.005556
5 0.551230 0.463570 0.003125 0.005556
5 0.684426 0.629781 0.003125 0.005556
6 0.159964 0.654827 0.003125 0.005556
6 0.307889 0.551230 0.003125 0.005556
6 0.431481 0.667350 0.003125 0.005556
6 0.553151 0.545537 0.003125 0.005556
6 0.729252 0.650273 0.003125 0.005556
