2 0.129867 0.670196 0.014088 0.046676
2 0.239370 0.499431 0.012807 0.033015
2 0.323578 0.670196 0.014728 0.042122
2 0.638960 0.677026 0.021773 0.039845
2 0.717405 0.494877 0.022413 0.028461
5 0.156762 0.642304 0.003125 0.005556
5 0.264344 0.490893 0.003125 0.005556
5 0.341189 0.629781 0.003125 0.005556
5 0.606301 0.643443 0.003125 0.005556
5 0.678663 0.480647 0.003125 0.005556
6 0.146516 0.739071 0.003125 0.005556
6 0.261142 0.560337 0.003125 0.005556
6 0.336066 0.732240 0.003125 0.005556
6 0.654329 0.692395 0.003125 0.005556
6 0.730533 0.476093 0.003125 0.005556
