2 0.250256 0.701503 0.014088 0.036430
2 0.308850 0.522199 0.019851 0.017077
2 0.563076 0.529599 0.017290 0.022769
2 0.641522 0.737363 0.023053 0.037568
2 0.748463 0.542122 0.025615 0.034153
5 0.288678 0.518215 0.003125 0.005556
5 0.263064 0.662796 0.003125 0.005556
5 0.529457 0.517077 0.003125 0.005556
5 0.621670 0.683288 0.003125 0.005556
5 0.732454 0.518215 0.003125 0.005556
6 0.270748 0.765255 0.003125 0.005556
6 0.355917 0.519353 0.003125 0.005556
6 0.583888 0.514800 0.003125 0.005556
6 0.670338 0.758424 0.003125 0.005556
6 0.768955 0.583106 0.003125 0.005556
