2 0.253138 0.511954 0.022413 0.021630
2 0.472464 0.482923 0.015369 0.036430
2 0.404905 0.661088 0.022413 0.028461
2 0.636719 0.702072 0.022413 0.044399
2 0.739498 0.506831 0.023053 0.031876
5 0.248335 0.490893 0.003125 0.005556
5 0.485272 0.465847 0.003125 0.005556
5 0.389857 0.652550 0.003125 0.005556
5 0.616547 0.649135 0.003125 0.005556
5 0.725410 0.481785 0.003125 0.005556
6 0.286117 0.513661 0.003125 0.005556
6 0.446849 0.681011 0.003125 0.005556
6 0.489114 0.558060 0.003125 0.005556
6 0.664575 0.720856 0.003125 0.005556
6 0.759990 0.547814 0.003125 0.005556
