2 0.170210 0.499431 0.017930 0.033015
2 0.325621 0.669660 0.023982 0.022164
2 0.347548 0.485757 0.017795 0.035307
2 0.646644 0.696380 0.021773 0.035291
2 0.746862 0.502846 0.019851 0.028461
5 0.175973 0.477231 0.003125 0.005556
5 0.298284 0.657104 0.003125 0.005556
5 0.346952 0.471539 0.003125 0.005556
5 0.622310 0.642304 0.003125 0.005556
5 0.731814 0.474954 0.003125 0.005556
6 0.197106 0.547814 0.003125 0.005556
6 0.368304 0.655940 0.003125 0.005556
6 0.373884 0.538132 0.003125 0.005556
6 0.672900 0.719718 0.003125 0.005556
6 0.768955 0.543260 0.003125 0.005556
