2 0.163486 0.584244 0.016009 0.034153
2 0.323578 0.671903 0.023694 0.025046
2 0.347912 0.484631 0.017290 0.039845
2 0.645364 0.698657 0.026895 0.039845
2 0.745902 0.502277 0.024334 0.029599
5 0.180456 0.547814 0.003125 0.005556
5 0.345671 0.470401 0.003125 0.005556
5 0.297003 0.654827 0.003125 0.005556
5 0.624232 0.645719 0.003125 0.005556
5 0.729892 0.480647 0.003125 0.005556
6 0.187500 0.641166 0.003125 0.005556
6 0.373847 0.538707 0.003125 0.005556
6 0.368084 0.655965 0.003125 0.005556
6 0.674180 0.720856 0.003125 0.005556
6 0.767674 0.544399 0.003125 0.005556
