2 0.294762 0.519353 0.018571 0.025046
2 0.159644 0.758424 0.027536 0.027322
2 0.378010 0.678165 0.023694 0.023907
2 0.649526 0.705487 0.022413 0.037568
2 0.751025 0.506261 0.021773 0.028461
5 0.150999 0.748179 0.003125 0.005556
5 0.282915 0.501138 0.003125 0.005556
5 0.346311 0.663934 0.003125 0.005556
5 0.627433 0.653689 0.003125 0.005556
5 0.735015 0.481785 0.003125 0.005556
6 0.209273 0.748179 0.003125 0.005556
6 0.333504 0.519353 0.003125 0.005556
6 0.414191 0.662796 0.003125 0.005556
6 0.676742 0.727687 0.003125 0.005556
6 0.771516 0.551230 0.003125 0.005556
