2 0.211194 0.520492 0.024334 0.020492
2 0.378650 0.677596 0.023694 0.022769
2 0.568840 0.505123 0.019851 0.023907
2 0.650166 0.704349 0.021132 0.037568
2 0.751345 0.509107 0.022413 0.029599
5 0.202869 0.504554 0.003125 0.005556
5 0.345031 0.665073 0.003125 0.005556
5 0.537141 0.489754 0.003125 0.005556
5 0.626153 0.651412 0.003125 0.005556
5 0.736296 0.482923 0.003125 0.005556
6 0.254739 0.525046 0.003125 0.005556
6 0.416112 0.660519 0.003125 0.005556
6 0.590292 0.489754 0.003125 0.005556
6 0.678667 0.728378 0.003125 0.005556
6 0.772772 0.553188 0.003125 0.005556
