2 0.243028 0.497363 0.015328 0.035162
2 0.205109 0.691876 0.016008 0.039946
2 0.568840 0.498292 0.021132 0.023907
2 0.651447 0.707764 0.021132 0.033015
2 0.751345 0.509107 0.022413 0.038707
5 0.233607 0.649135 0.003125 0.005556
5 0.535861 0.494308 0.003125 0.005556
5 0.628714 0.652550 0.003125 0.005556
5 0.735015 0.484062 0.003125 0.005556
6 0.268186 0.554645 0.003125 0.005556
6 0.224641 0.751594 0.003125 0.005556
6 0.591573 0.490893 0.003125 0.005556
6 0.677382 0.728825 0.003125 0.005556
6 0.772157 0.552368 0.003125 0.005556
5 0.269976 0.485056 0.003125 0.005556
