9 0.136863 0.694509 0.042679 0.057870
9 0.388238 0.517683 0.036169 0.059156
9 0.432002 0.742734 0.031105 0.061728
9 0.731843 0.580054 0.043403 0.065586
5 0.202329 0.653999 0.003125 0.005556
5 0.415726 0.482960 0.003125 0.005556
5 0.399089 0.697724 0.003125 0.005556
5 0.669633 0.538259 0.003125 0.005556
6 0.194372 0.699010 0.003125 0.005556
6 0.427300 0.526685 0.003125 0.005556
6 0.427300 0.692580 0.003125 0.005556
6 0.711589 0.535687 0.003125 0.005556
7 0.190755 0.751736 0.003125 0.005556
7 0.428747 0.574267 0.003125 0.005556
7 0.456236 0.695152 0.003125 0.005556
7 0.739077 0.531829 0.003125 0.005556
