9 0.229456 0.704797 0.041233 0.055298
9 0.434172 0.742734 0.029659 0.066872
9 0.494936 0.486175 0.033999 0.060442
9 0.732567 0.580697 0.041956 0.064300
6 0.279731 0.699010 0.003125 0.005556
6 0.429470 0.692580 0.003125 0.005556
6 0.508319 0.502251 0.003125 0.005556
6 0.715205 0.538259 0.003125 0.005556
7 0.283348 0.751736 0.003125 0.005556
7 0.457682 0.690008 0.003125 0.005556
7 0.524957 0.566551 0.003125 0.005556
7 0.740524 0.535687 0.003125 0.005556
5 0.273220 0.648855 0.003125 0.005556
5 0.398365 0.697724 0.003125 0.005556
5 0.509042 0.476530 0.003125 0.005556
5 0.671803 0.538259 0.003125 0.005556
