9 0.204138 0.690008 0.044126 0.064300
9 0.370153 0.576839 0.033275 0.059156
9 0.665292 0.740162 0.037616 0.066872
9 0.730035 0.581983 0.044126 0.061728
7 0.248626 0.747878 0.003125 0.005556
7 0.401259 0.530543 0.003125 0.005556
7 0.671079 0.682292 0.003125 0.005556
7 0.741970 0.539545 0.003125 0.005556
6 0.255859 0.700296 0.003125 0.005556
6 0.375217 0.529257 0.003125 0.005556
6 0.641421 0.687436 0.003125 0.005556
6 0.713759 0.544689 0.003125 0.005556
5 0.259476 0.651427 0.003125 0.005556
5 0.349175 0.529257 0.003125 0.005556
5 0.614656 0.688722 0.003125 0.005556
5 0.673249 0.540831 0.003125 0.005556
