9 0.301432 0.609632 0.033275 0.060442
9 0.455874 0.454025 0.031105 0.063014
9 0.620804 0.527328 0.035446 0.045010
9 0.784288 0.705440 0.045573 0.061728
5 0.279731 0.558835 0.003125 0.005556
5 0.416450 0.553691 0.003125 0.005556
5 0.575593 0.504823 0.003125 0.005556
5 0.726780 0.660430 0.003125 0.005556
6 0.320964 0.554977 0.003125 0.005556
6 0.446108 0.551119 0.003125 0.005556
6 0.605252 0.503537 0.003125 0.005556
6 0.771629 0.660430 0.003125 0.005556
7 0.349175 0.557549 0.003125 0.005556
7 0.483724 0.548547 0.003125 0.005556
7 0.616826 0.503537 0.003125 0.005556
7 0.798394 0.656572 0.003125 0.005556
