9 0.204861 0.645640 0.041233 0.065586
9 0.280454 0.465599 0.030382 0.063014
9 0.623336 0.526685 0.034722 0.043724
9 0.786097 0.712513 0.043403 0.065586
7 0.800564 0.659144 0.003125 0.005556
7 0.629847 0.504823 0.003125 0.005556
7 0.308666 0.533115 0.003125 0.005556
7 0.241392 0.708012 0.003125 0.005556
5 0.183521 0.711870 0.003125 0.005556
5 0.257306 0.538259 0.003125 0.005556
5 0.577040 0.502251 0.003125 0.005556
5 0.729673 0.665574 0.003125 0.005556
6 0.214627 0.704154 0.003125 0.005556
6 0.284795 0.527971 0.003125 0.005556
6 0.608145 0.504823 0.003125 0.005556
6 0.770906 0.657858 0.003125 0.005556
