9 0.277199 0.521541 0.039786 0.056584
9 0.397642 0.275270 0.033275 0.065586
9 0.523148 0.571052 0.035446 0.060442
9 0.670718 0.379437 0.041233 0.065586
7 0.425130 0.341499 0.003125 0.005556
7 0.323857 0.572981 0.003125 0.005556
7 0.542318 0.513825 0.003125 0.005556
7 0.692781 0.337641 0.003125 0.005556
6 0.323134 0.525399 0.003125 0.005556
6 0.511936 0.515111 0.003125 0.005556
6 0.664569 0.335069 0.003125 0.005556
6 0.395472 0.355646 0.003125 0.005556
5 0.311560 0.476530 0.003125 0.005556
5 0.368707 0.349216 0.003125 0.005556
5 0.482277 0.515111 0.003125 0.005556
5 0.619719 0.337641 0.003125 0.005556
