9 0.205223 0.290702 0.036169 0.065586
9 0.428747 0.273341 0.030382 0.064300
9 0.509766 0.588413 0.033275 0.061728
9 0.659505 0.392940 0.037616 0.064300
5 0.184968 0.371078 0.003125 0.005556
5 0.396918 0.358218 0.003125 0.005556
5 0.471427 0.538259 0.003125 0.005556
5 0.606698 0.345358 0.003125 0.005556
6 0.214627 0.374936 0.003125 0.005556
6 0.427300 0.360790 0.003125 0.005556
6 0.501085 0.525399 0.003125 0.005556
6 0.653718 0.344072 0.003125 0.005556
7 0.681207 0.346644 0.003125 0.005556
7 0.530744 0.530543 0.003125 0.005556
7 0.456959 0.356932 0.003125 0.005556
7 0.243562 0.365934 0.003125 0.005556
