9 0.188947 0.231546 0.035446 0.060442
9 0.205946 0.535044 0.040509 0.065586
9 0.411386 0.461741 0.033275 0.060442
9 0.679036 0.227045 0.034722 0.069444
9 0.740524 0.533115 0.043403 0.056584
7 0.230541 0.308063 0.003125 0.005556
7 0.251519 0.485532 0.003125 0.005556
7 0.451172 0.527971 0.003125 0.005556
7 0.740524 0.470100 0.003125 0.005556
7 0.689164 0.295203 0.003125 0.005556
6 0.715929 0.473958 0.003125 0.005556
6 0.663845 0.309349 0.003125 0.005556
6 0.455512 0.473958 0.003125 0.005556
6 0.219690 0.480388 0.003125 0.005556
6 0.200159 0.311921 0.003125 0.005556
5 0.170501 0.315779 0.003125 0.005556
5 0.178458 0.486818 0.003125 0.005556
5 0.449725 0.428948 0.003125 0.005556
5 0.633464 0.300347 0.003125 0.005556
5 0.683377 0.500965 0.003125 0.005556
