9 0.192202 0.228974 0.037616 0.063014
9 0.208116 0.533758 0.039062 0.065586
9 0.398727 0.212899 0.033999 0.061728
9 0.681207 0.228974 0.034722 0.063014
9 0.743417 0.536330 0.043403 0.057870
7 0.251519 0.479102 0.003125 0.005556
7 0.231264 0.306777 0.003125 0.005556
7 0.426577 0.304205 0.003125 0.005556
7 0.692781 0.302919 0.003125 0.005556
7 0.741247 0.476530 0.003125 0.005556
6 0.711589 0.472672 0.003125 0.005556
6 0.668186 0.313207 0.003125 0.005556
6 0.400535 0.311921 0.003125 0.005556
6 0.201606 0.308063 0.003125 0.005556
6 0.224754 0.477816 0.003125 0.005556
5 0.173394 0.308063 0.003125 0.005556
5 0.183521 0.477816 0.003125 0.005556
5 0.372323 0.308063 0.003125 0.005556
5 0.637080 0.311921 0.003125 0.005556
5 0.684100 0.498392 0.003125 0.005556
