9 0.161458 0.463670 0.044126 0.059156
9 0.186777 0.343428 0.042679 0.047582
9 0.304326 0.259838 0.039062 0.068158
9 0.683377 0.234118 0.034722 0.065586
9 0.745587 0.541474 0.044850 0.052726
7 0.194372 0.540831 0.003125 0.005556
7 0.232711 0.313207 0.003125 0.005556
7 0.328921 0.353074 0.003125 0.005556
7 0.697121 0.311921 0.003125 0.005556
7 0.744141 0.482960 0.003125 0.005556
6 0.213903 0.489390 0.003125 0.005556
6 0.197266 0.331211 0.003125 0.005556
6 0.344112 0.313207 0.003125 0.005556
6 0.666016 0.314493 0.003125 0.005556
6 0.720269 0.488104 0.003125 0.005556
5 0.160373 0.315779 0.003125 0.005556
5 0.213903 0.436664 0.003125 0.005556
5 0.357856 0.264339 0.003125 0.005556
5 0.639974 0.317065 0.003125 0.005556
5 0.687717 0.509967 0.003125 0.005556
