9 0.160012 0.461741 0.044126 0.055298
9 0.183521 0.338284 0.041956 0.052726
9 0.446832 0.525399 0.034722 0.061728
9 0.682653 0.236690 0.036169 0.065586
9 0.743417 0.542760 0.041956 0.057870
5 0.158927 0.319637 0.003125 0.005556
5 0.211733 0.436664 0.003125 0.005556
5 0.407769 0.485532 0.003125 0.005556
5 0.634187 0.310635 0.003125 0.005556
5 0.684823 0.511253 0.003125 0.005556
6 0.183521 0.332497 0.003125 0.005556
6 0.209563 0.484246 0.003125 0.005556
6 0.440321 0.457240 0.003125 0.005556
6 0.663845 0.314493 0.003125 0.005556
6 0.712312 0.488104 0.003125 0.005556
7 0.231264 0.313207 0.003125 0.005556
7 0.191479 0.539545 0.003125 0.005556
7 0.469980 0.458526 0.003125 0.005556
7 0.743417 0.480388 0.003125 0.005556
7 0.691334 0.310635 0.003125 0.005556
