9 0.149884 0.375579 0.039786 0.052726
9 0.229818 0.563979 0.039062 0.064300
9 0.548466 0.527971 0.036892 0.059156
9 0.690611 0.246978 0.034722 0.063014
9 0.794416 0.538902 0.049913 0.060442
5 0.137225 0.331211 0.003125 0.005556
5 0.217520 0.507395 0.003125 0.005556
5 0.507595 0.476530 0.003125 0.005556
5 0.645038 0.328639 0.003125 0.005556
5 0.723163 0.493248 0.003125 0.005556
6 0.166884 0.329925 0.003125 0.005556
6 0.242839 0.511253 0.003125 0.005556
6 0.537254 0.468814 0.003125 0.005556
6 0.675420 0.327353 0.003125 0.005556
6 0.765842 0.494534 0.003125 0.005556
7 0.796224 0.488104 0.003125 0.005556
7 0.702908 0.326067 0.003125 0.005556
7 0.561126 0.476530 0.003125 0.005556
7 0.276837 0.507395 0.003125 0.005556
7 0.196542 0.333783 0.003125 0.005556
