9 0.179905 0.455311 0.040509 0.063014
9 0.420790 0.313207 0.034722 0.061728
9 0.584635 0.544046 0.038339 0.063014
9 0.699653 0.260481 0.036892 0.066872
9 0.803096 0.557549 0.049913 0.059156
7 0.804181 0.509967 0.003125 0.005556
7 0.712312 0.342785 0.003125 0.005556
7 0.616102 0.484246 0.003125 0.005556
7 0.458173 0.386542 0.003125 0.005556
7 0.226924 0.512539 0.003125 0.005556
6 0.773799 0.509967 0.003125 0.005556
6 0.684100 0.341499 0.003125 0.005556
6 0.584274 0.490676 0.003125 0.005556
6 0.456959 0.336355 0.003125 0.005556
6 0.196542 0.513825 0.003125 0.005556
5 0.167607 0.516397 0.003125 0.005556
5 0.455512 0.293917 0.003125 0.005556
5 0.558232 0.484246 0.003125 0.005556
5 0.655165 0.347930 0.003125 0.005556
5 0.730396 0.511253 0.003125 0.005556
