9 0.180266 0.468171 0.042679 0.057870
9 0.247902 0.293917 0.043403 0.066872
9 0.583550 0.540831 0.039062 0.059156
9 0.698929 0.261124 0.038339 0.068158
9 0.802373 0.558192 0.048466 0.063014
5 0.168330 0.509967 0.003125 0.005556
5 0.303602 0.287487 0.003125 0.005556
5 0.558955 0.490676 0.003125 0.005556
5 0.652995 0.337641 0.003125 0.005556
5 0.729673 0.511253 0.003125 0.005556
6 0.197266 0.512539 0.003125 0.005556
6 0.303602 0.336355 0.003125 0.005556
6 0.587167 0.488104 0.003125 0.005556
6 0.684823 0.340213 0.003125 0.005556
6 0.776693 0.507395 0.003125 0.005556
7 0.215350 0.511253 0.003125 0.005556
7 0.287688 0.387796 0.003125 0.005556
7 0.618273 0.489390 0.003125 0.005556
7 0.804905 0.511253 0.003125 0.005556
7 0.710865 0.335069 0.003125 0.005556
