9 0.126374 0.310635 0.041956 0.059156
9 0.303964 0.505466 0.039786 0.052726
9 0.418258 0.299061 0.039786 0.069444
9 0.586444 0.540831 0.039062 0.059156
9 0.701461 0.262410 0.036169 0.065586
9 0.804905 0.557549 0.049190 0.056584
5 0.195095 0.284915 0.003125 0.005556
5 0.302156 0.459812 0.003125 0.005556
5 0.447555 0.278485 0.003125 0.005556
5 0.559679 0.484246 0.003125 0.005556
5 0.654442 0.336355 0.003125 0.005556
5 0.734013 0.508681 0.003125 0.005556
6 0.193649 0.333783 0.003125 0.005556
6 0.271774 0.509967 0.003125 0.005556
6 0.460576 0.336355 0.003125 0.005556
6 0.587891 0.484246 0.003125 0.005556
6 0.687717 0.338927 0.003125 0.005556
6 0.776693 0.512539 0.003125 0.005556
7 0.174841 0.382652 0.003125 0.005556
7 0.268157 0.560121 0.003125 0.005556
7 0.446832 0.387796 0.003125 0.005556
7 0.616102 0.488104 0.003125 0.005556
7 0.713035 0.342785 0.003125 0.005556
7 0.805628 0.512539 0.003125 0.005556
