9 0.372685 0.491962 0.036892 0.064300
8 0.196904 0.380080 0.041233 0.030864
8 0.232711 0.522827 0.039062 0.030864
8 0.664207 0.347287 0.038339 0.032150
3 0.669537 0.576839 0.279948 0.084877
5 0.173394 0.374936 0.003125 0.005556
5 0.202329 0.497106 0.003125 0.005556
5 0.402705 0.464956 0.003125 0.005556
5 0.518446 0.531829 0.003125 0.005556
5 0.626953 0.328639 0.003125 0.005556
6 0.232711 0.373650 0.003125 0.005556
6 0.275391 0.495820 0.003125 0.005556
6 0.403429 0.507395 0.003125 0.005556
6 0.808521 0.517683 0.003125 0.005556
6 0.684100 0.324781 0.003125 0.005556
7 0.404152 0.563979 0.003125 0.005556
