3 0.623336 0.446309 0.415220 0.096451
3 0.643591 0.538259 0.276331 0.082305
3 0.644763 0.590830 0.277778 0.086163
8 0.168330 0.398727 0.043403 0.027006
8 0.203414 0.542117 0.041233 0.033436
8 0.501808 0.362076 0.040509 0.046296
8 0.638527 0.367220 0.041956 0.033436
8 0.768012 0.345358 0.040509 0.036008
9 0.345197 0.508681 0.036892 0.064300
6 0.208116 0.394226 0.003125 0.005556
6 0.247902 0.515111 0.003125 0.005556
6 0.378834 0.530543 0.003125 0.005556
6 0.778139 0.482960 0.003125 0.005556
6 0.783203 0.536973 0.003125 0.005556
6 0.833840 0.458526 0.003125 0.005556
6 0.788267 0.333783 0.003125 0.005556
6 0.658058 0.340213 0.003125 0.005556
6 0.531467 0.371078 0.003125 0.005556
5 0.145182 0.398084 0.003125 0.005556
5 0.176288 0.522827 0.003125 0.005556
5 0.377387 0.482960 0.003125 0.005556
5 0.473597 0.326067 0.003125 0.005556
5 0.600188 0.342785 0.003125 0.005556
5 0.491681 0.499678 0.003125 0.005556
5 0.404152 0.400656 0.003125 0.005556
5 0.495298 0.552405 0.003125 0.005556
5 0.725333 0.338927 0.003125 0.005556
7 0.377551 0.581875 0.003125 0.005556
