9 0.345197 0.507395 0.036892 0.061728
8 0.169777 0.382652 0.040509 0.028292
8 0.203414 0.540188 0.038339 0.032150
8 0.501447 0.358218 0.039786 0.041152
8 0.638527 0.365934 0.040509 0.030864
8 0.766565 0.344072 0.036169 0.038580
3 0.437428 0.309349 0.277778 0.069444
3 0.624060 0.423804 0.416667 0.095165
3 0.641782 0.534401 0.277054 0.087449
3 0.645038 0.587770 0.279225 0.086163
7 0.378834 0.580697 0.003125 0.005556
5 0.145182 0.395512 0.003125 0.005556
5 0.174841 0.516397 0.003125 0.005556
5 0.292028 0.363362 0.003125 0.005556
5 0.378111 0.479102 0.003125 0.005556
5 0.405599 0.378794 0.003125 0.005556
5 0.493128 0.497106 0.003125 0.005556
5 0.490958 0.545975 0.003125 0.005556
5 0.600911 0.344072 0.003125 0.005556
5 0.473597 0.326067 0.003125 0.005556
5 0.725333 0.336355 0.003125 0.005556
6 0.208116 0.386510 0.003125 0.005556
6 0.247179 0.512539 0.003125 0.005556
6 0.585720 0.300347 0.003125 0.005556
6 0.378111 0.525399 0.003125 0.005556
6 0.833840 0.459812 0.003125 0.005556
6 0.778863 0.480388 0.003125 0.005556
6 0.782480 0.536973 0.003125 0.005556
6 0.659505 0.341499 0.003125 0.005556
6 0.532190 0.372364 0.003125 0.005556
6 0.789714 0.333783 0.003125 0.005556
