9 0.329644 0.546618 0.037616 0.055298
3 0.129268 0.286844 0.072338 0.086163
3 0.430556 0.340213 0.278501 0.059156
3 0.613209 0.476530 0.421007 0.118313
3 0.481916 0.619277 0.104890 0.149177
3 0.630208 0.585841 0.277054 0.092593
8 0.043547 0.442451 0.022425 0.075874
8 0.188585 0.374936 0.036169 0.025720
8 0.174479 0.572338 0.019531 0.075874
8 0.630570 0.418660 0.040509 0.028292
8 0.762948 0.402585 0.040509 0.037294
8 0.312104 0.436544 0.037616 0.028292
0 0.046152 0.588284 0.029659 0.055298
0 0.101056 0.615419 0.039063 0.041152
0 0.727865 0.323495 0.035446 0.038580
0 0.877242 0.403228 0.031829 0.054012
0 0.873626 0.590985 0.034722 0.038580
1 0.258030 0.641139 0.056424 0.115741
4 0.198712 0.252765 0.050637 0.102881
4 0.565561 0.469457 0.029659 0.047582
5 0.069951 0.365934 0.003125 0.005556
5 0.077185 0.543403 0.003125 0.005556
5 0.085865 0.596129 0.003125 0.005556
5 0.092376 0.273341 0.003125 0.005556
5 0.197989 0.341499 0.003125 0.005556
5 0.170501 0.368506 0.003125 0.005556
5 0.206670 0.513825 0.003125 0.005556
5 0.267506 0.415123 0.003125 0.005556
5 0.283348 0.394226 0.003125 0.005556
5 0.363338 0.516058 0.003125 0.005556
5 0.257306 0.623135 0.003125 0.005556
5 0.429470 0.539545 0.003125 0.005556
5 0.394748 0.416088 0.003125 0.005556
5 0.595124 0.399370 0.003125 0.005556
5 0.537254 0.445666 0.003125 0.005556
5 0.723684 0.393397 0.003125 0.005556
5 0.694227 0.346644 0.003125 0.005556
5 0.847584 0.372364 0.003125 0.005556
5 0.827329 0.571695 0.003125 0.005556
5 0.481554 0.544689 0.003125 0.005556
6 0.063440 0.512539 0.003125 0.005556
6 0.071398 0.616705 0.003125 0.005556
6 0.171224 0.342785 0.003125 0.005556
6 0.227648 0.346644 0.003125 0.005556
6 0.227648 0.370563 0.003125 0.005556
6 0.216797 0.620563 0.003125 0.005556
6 0.129268 0.593557 0.003125 0.005556
6 0.367983 0.571695 0.003125 0.005556
6 0.304326 0.589699 0.003125 0.005556
6 0.579933 0.351788 0.003125 0.005556
6 0.355021 0.416088 0.003125 0.005556
6 0.827329 0.529257 0.003125 0.005556
6 0.770182 0.556263 0.003125 0.005556
6 0.734013 0.349216 0.003125 0.005556
6 0.652271 0.394226 0.003125 0.005556
6 0.596571 0.443094 0.003125 0.005556
6 0.785373 0.396798 0.003125 0.005556
6 0.890987 0.422518 0.003125 0.005556
6 0.888093 0.597415 0.003125 0.005556
6 0.540250 0.700414 0.003125 0.005556
7 0.365090 0.624421 0.003125 0.005556
