8 0.047526 0.470743 0.021701 0.073302
8 0.254413 0.377508 0.043403 0.033436
8 0.281901 0.441808 0.039062 0.028292
8 0.393663 0.649498 0.031105 0.060442
8 0.552445 0.381366 0.037616 0.038580
8 0.762225 0.405800 0.037616 0.043724
0 0.046803 0.621849 0.030382 0.051440
0 0.102021 0.644569 0.034722 0.041152
0 0.725333 0.320923 0.034722 0.041152
0 0.877604 0.397441 0.032552 0.047582
0 0.878328 0.582626 0.036892 0.039866
3 0.150969 0.389082 0.039062 0.149177
3 0.674334 0.486818 0.397135 0.192901
3 0.637804 0.592914 0.289352 0.093879
3 0.481554 0.634066 0.104167 0.142747
4 0.069227 0.421232 0.065104 0.069444
4 0.405599 0.488104 0.033275 0.056584
1 0.142289 0.569123 0.082465 0.074588
9 0.264902 0.571695 0.039786 0.054012
7 0.307641 0.642575 0.003125 0.005556
5 0.114077 0.364648 0.003125 0.005556
5 0.043186 0.445666 0.003125 0.005556
5 0.074291 0.571695 0.003125 0.005556
5 0.087312 0.621849 0.003125 0.005556
5 0.132885 0.565265 0.003125 0.005556
5 0.127821 0.296489 0.003125 0.005556
5 0.230541 0.364648 0.003125 0.005556
5 0.250796 0.437950 0.003125 0.005556
5 0.310113 0.539545 0.003125 0.005556
5 0.394025 0.454668 0.003125 0.005556
5 0.381004 0.611561 0.003125 0.005556
5 0.464193 0.380080 0.003125 0.005556
5 0.422960 0.558835 0.003125 0.005556
5 0.480830 0.558835 0.003125 0.005556
5 0.521340 0.353074 0.003125 0.005556
5 0.691334 0.347930 0.003125 0.005556
5 0.719546 0.395512 0.003125 0.005556
5 0.846861 0.369792 0.003125 0.005556
5 0.830946 0.565265 0.003125 0.005556
6 0.123481 0.440522 0.003125 0.005556
6 0.180085 0.465106 0.003125 0.005556
6 0.063440 0.545975 0.003125 0.005556
6 0.069227 0.648855 0.003125 0.005556
6 0.132161 0.620563 0.003125 0.005556
6 0.205946 0.567837 0.003125 0.005556
6 0.282624 0.360790 0.003125 0.005556
6 0.326751 0.435378 0.003125 0.005556
6 0.306496 0.589699 0.003125 0.005556
6 0.451895 0.455954 0.003125 0.005556
6 0.409216 0.718300 0.003125 0.005556
6 0.545211 0.709298 0.003125 0.005556
6 0.786820 0.587127 0.003125 0.005556
6 0.579210 0.377508 0.003125 0.005556
6 0.872179 0.516397 0.003125 0.005556
6 0.891710 0.588413 0.003125 0.005556
6 0.892433 0.414802 0.003125 0.005556
6 0.782278 0.394691 0.003125 0.005556
6 0.731843 0.344072 0.003125 0.005556
