8 0.047526 0.467528 0.021701 0.072016
8 0.255859 0.376865 0.040509 0.029578
8 0.282263 0.438593 0.041233 0.034722
8 0.352431 0.475887 0.026765 0.065586
8 0.552083 0.383295 0.039786 0.037294
8 0.762948 0.407729 0.036169 0.042438
0 0.044994 0.616705 0.031105 0.064300
0 0.102503 0.643068 0.037616 0.045010
0 0.726780 0.324781 0.033275 0.041152
0 0.878689 0.401299 0.036169 0.057870
0 0.877966 0.588413 0.037616 0.038580
4 0.070312 0.417374 0.065828 0.074588
4 0.361473 0.694509 0.034722 0.060442
1 0.141565 0.569123 0.076678 0.072016
9 0.265263 0.571695 0.039062 0.056584
3 0.152778 0.383938 0.039786 0.141461
3 0.673973 0.489390 0.397859 0.200617
3 0.637804 0.597415 0.290799 0.087449
3 0.482639 0.635352 0.104890 0.150463
5 0.113354 0.365934 0.003125 0.005556
5 0.044633 0.441808 0.003125 0.005556
5 0.075014 0.570409 0.003125 0.005556
5 0.088035 0.617991 0.003125 0.005556
5 0.128545 0.571695 0.003125 0.005556
5 0.127924 0.297555 0.003125 0.005556
5 0.232711 0.367220 0.003125 0.005556
5 0.252242 0.434092 0.003125 0.005556
5 0.306496 0.539545 0.003125 0.005556
5 0.352069 0.434092 0.003125 0.005556
5 0.351345 0.638567 0.003125 0.005556
5 0.425854 0.556263 0.003125 0.005556
5 0.466363 0.382652 0.003125 0.005556
5 0.523510 0.354360 0.003125 0.005556
5 0.481459 0.556207 0.003125 0.005556
5 0.690611 0.353074 0.003125 0.005556
5 0.721716 0.400656 0.003125 0.005556
5 0.845414 0.376222 0.003125 0.005556
5 0.833840 0.575553 0.003125 0.005556
6 0.122758 0.439236 0.003125 0.005556
6 0.063492 0.540785 0.003125 0.005556
6 0.071398 0.642425 0.003125 0.005556
6 0.131465 0.620005 0.003125 0.005556
6 0.208840 0.562693 0.003125 0.005556
6 0.281901 0.362076 0.003125 0.005556
6 0.326027 0.435378 0.003125 0.005556
6 0.308666 0.585841 0.003125 0.005556
6 0.366639 0.533910 0.003125 0.005556
6 0.409939 0.635995 0.003125 0.005556
6 0.544071 0.713268 0.003125 0.005556
6 0.787543 0.596129 0.003125 0.005556
6 0.873626 0.520255 0.003125 0.005556
6 0.893880 0.601273 0.003125 0.005556
6 0.891710 0.423804 0.003125 0.005556
6 0.734013 0.347930 0.003125 0.005556
6 0.785373 0.400656 0.003125 0.005556
6 0.581380 0.376222 0.003125 0.005556
6 0.181149 0.466902 0.003125 0.005556
7 0.307219 0.638567 0.003125 0.005556
