4 0.059823 0.326067 0.072338 0.077160
4 0.420428 0.478459 0.036892 0.047582
0 0.082610 0.588413 0.038339 0.033436
0 0.371962 0.618634 0.029659 0.039866
0 0.366175 0.389082 0.023872 0.054012
0 0.874711 0.402585 0.033999 0.047582
0 0.871817 0.585841 0.035446 0.041152
8 0.043909 0.459169 0.021701 0.073302
8 0.254051 0.368506 0.039786 0.033436
8 0.277561 0.431520 0.040509 0.030864
8 0.566551 0.385867 0.038339 0.055298
8 0.659505 0.432163 0.040509 0.039866
8 0.759332 0.405157 0.041956 0.042438
3 0.149161 0.373007 0.044126 0.150463
3 0.479022 0.629565 0.104890 0.151749
3 0.626230 0.643068 0.287905 0.132459
3 0.671803 0.481674 0.396412 0.200617
1 0.131800 0.533758 0.083189 0.078447
9 0.199797 0.586484 0.045573 0.060442
9 0.283348 0.582626 0.030382 0.057870
7 0.244562 0.634299 0.003125 0.005556
7 0.317347 0.632137 0.003125 0.005556
5 0.111183 0.291345 0.003125 0.005556
5 0.127098 0.287487 0.003125 0.005556
5 0.067057 0.382652 0.003125 0.005556
5 0.071398 0.583269 0.003125 0.005556
5 0.116970 0.536973 0.003125 0.005556
5 0.246455 0.533115 0.003125 0.005556
5 0.231264 0.356932 0.003125 0.005556
5 0.251519 0.428948 0.003125 0.005556
5 0.320240 0.531829 0.003125 0.005556
5 0.381004 0.354360 0.003125 0.005556
5 0.347282 0.604940 0.003125 0.005556
5 0.465639 0.372364 0.003125 0.005556
5 0.419343 0.548547 0.003125 0.005556
5 0.435981 0.427662 0.003125 0.005556
5 0.463469 0.579411 0.003125 0.005556
5 0.533637 0.349216 0.003125 0.005556
5 0.620443 0.395512 0.003125 0.005556
5 0.718099 0.395512 0.003125 0.005556
5 0.843967 0.369792 0.003125 0.005556
5 0.828053 0.569123 0.003125 0.005556
6 0.109013 0.383938 0.003125 0.005556
6 0.060547 0.533115 0.003125 0.005556
6 0.114077 0.587127 0.003125 0.005556
6 0.202329 0.556263 0.003125 0.005556
6 0.245732 0.583269 0.003125 0.005556
6 0.318070 0.579411 0.003125 0.005556
6 0.281178 0.354360 0.003125 0.005556
6 0.322410 0.431520 0.003125 0.005556
6 0.377387 0.428948 0.003125 0.005556
6 0.392578 0.606417 0.003125 0.005556
6 0.464916 0.530543 0.003125 0.005556
6 0.539424 0.708012 0.003125 0.005556
6 0.775969 0.701582 0.003125 0.005556
6 0.868562 0.521541 0.003125 0.005556
6 0.887764 0.596129 0.003125 0.005556
6 0.888817 0.423804 0.003125 0.005556
6 0.778448 0.396273 0.003125 0.005556
6 0.682653 0.425090 0.003125 0.005556
6 0.590061 0.417374 0.003125 0.005556
6 0.178458 0.458526 0.003125 0.005556
