5 0.324675 0.394030 0.003125 0.005556
5 0.505276 0.311057 0.003125 0.005556
5 0.548397 0.366071 0.003125 0.005556
5 0.622463 0.340819 0.003125 0.005556
5 0.679282 0.340819 0.003125 0.005556
3 0.294626 0.472433 0.046165 0.140993
3 0.476918 0.356692 0.041430 0.086279
3 0.581972 0.474537 0.034920 0.168350
3 0.623994 0.466120 0.025450 0.204125
3 0.673414 0.476641 0.014205 0.229377
6 0.278102 0.580328 0.003125 0.005556
6 0.459422 0.419672 0.003125 0.005556
6 0.592934 0.577218 0.003125 0.005556
6 0.637243 0.577218 0.003125 0.005556
6 0.680387 0.601057 0.003125 0.005556
