5 0.375913 0.299333 0.003125 0.005556
5 0.406859 0.327291 0.003125 0.005556
5 0.511871 0.302940 0.003125 0.005556
5 0.628044 0.357955 0.003125 0.005556
5 0.715808 0.306548 0.003125 0.005556
5 0.758421 0.309253 0.003125 0.005556
3 0.242543 0.426662 0.241477 0.297769
3 0.393466 0.415088 0.020123 0.150463
3 0.482540 0.345644 0.043205 0.087332
3 0.585819 0.442971 0.066288 0.145202
3 0.674893 0.388784 0.066880 0.175715
3 0.736446 0.439289 0.034920 0.228325
6 0.128265 0.594838 0.003125 0.005556
6 0.391791 0.515029 0.003125 0.005556
6 0.467584 0.407235 0.003125 0.005556
6 0.555037 0.539905 0.003125 0.005556
6 0.643074 0.512956 0.003125 0.005556
6 0.727029 0.562707 0.003125 0.005556
