5 0.081169 0.429203 0.003125 0.005556
5 0.512378 0.322781 0.003125 0.005556
5 0.598113 0.372385 0.003125 0.005556
5 0.728998 0.403048 0.003125 0.005556
5 0.362723 0.587933 0.003125 0.005556
5 0.614854 0.583424 0.003125 0.005556
3 0.222420 0.315130 0.288826 0.137837
3 0.484020 0.361953 0.039062 0.086279
3 0.670159 0.335122 0.094105 0.038931
3 0.783795 0.363005 0.081084 0.044192
3 0.427202 0.566604 0.120739 0.019992
3 0.683771 0.543981 0.124882 0.044192
6 0.376632 0.321206 0.003125 0.005556
6 0.467584 0.426928 0.003125 0.005556
6 0.731110 0.348155 0.003125 0.005556
6 0.828475 0.379250 0.003125 0.005556
6 0.482743 0.610386 0.003125 0.005556
6 0.756763 0.556488 0.003125 0.005556
