0 0.206143 0.509785 0.033736 0.041035 0.199093 0.465278 2 0.237216 0.538721 2 0.000000 0.000000 0
0 0.306463 0.498211 0.031960 0.053662 0.298009 0.442876 2 0.350852 0.537668 2 0.000000 0.000000 0
0 0.432232 0.500316 0.036103 0.041035 0.408896 0.464158 2 0.462121 0.514520 2 0.000000 0.000000 0
0 0.823745 0.462437 0.035511 0.036827 0.779360 0.465278 2 0.837358 0.513468 2 0.000000 0.000000 0
0 0.241655 0.695497 0.036103 0.042088 0.231225 0.662410 2 0.285748 0.715488 2 0.000000 0.000000 0
0 0.347597 0.638152 0.031368 0.051557 0.333921 0.610887 2 0.373343 0.689184 2 0.000000 0.000000 0
0 0.430753 0.720223 0.039062 0.038931 0.403856 0.688172 2 0.460938 0.713384 2 0.000000 0.000000 0
0 0.490826 0.656040 0.039654 0.032618 0.476941 0.636649 2 0.520123 0.688131 2 0.000000 0.000000 0
0 0.660689 0.673927 0.033736 0.059975 0.647681 0.634409 2 0.679332 0.684975 2 0.000000 0.000000 0
0 0.786458 0.634470 0.035511 0.044192 0.749118 0.633289 2 0.794152 0.661827 2 0.000000 0.000000 0
0 0.885594 0.660248 0.039654 0.043140 0.833543 0.635529 2 0.909564 0.688131 2 0.000000 0.000000 0
