0 0.205256 0.513468 0.033144 0.044192 0.199723 0.468638 2 0.239583 0.542929 2 0.000000 0.000000 0
0 0.306759 0.503472 0.033736 0.049453 0.298639 0.445116 2 0.349077 0.541877 2 0.000000 0.000000 0
0 0.437855 0.485585 0.018939 0.066288 0.449219 0.446237 2 0.448509 0.541877 2 0.000000 0.000000 0
0 0.559482 0.480850 0.025450 0.056818 0.545615 0.446237 2 0.574219 0.540123 2 0.000000 0.000000 0
0 0.823449 0.469276 0.039654 0.039983 0.777470 0.468638 2 0.836589 0.517843 2 0.000000 0.000000 0
0 0.128610 0.672875 0.021899 0.074705 0.146799 0.614247 2 0.154622 0.721354 2 0.000000 0.000000 0
0 0.345230 0.673927 0.015980 0.064184 0.345892 0.641129 2 0.346137 0.719425 2 0.000000 0.000000 0
0 0.431937 0.724958 0.041430 0.033670 0.404486 0.689292 2 0.461155 0.718461 2 0.000000 0.000000 0
0 0.661577 0.676557 0.033144 0.058923 0.648311 0.638889 2 0.680339 0.689525 2 0.000000 0.000000 0
0 0.786754 0.638678 0.034920 0.042088 0.749118 0.638889 2 0.793728 0.667342 2 0.000000 0.000000 0
0 0.887370 0.667614 0.038471 0.038931 0.836064 0.641129 2 0.908813 0.689887 2 0.000000 0.000000 0
