0 0.205848 0.515572 0.034328 0.048401 0.199093 0.468638 2 0.239767 0.541862 2 0.000000 0.000000 0
0 0.306167 0.501894 0.030185 0.052609 0.298639 0.446237 2 0.351452 0.540884 2 0.000000 0.000000 0
0 0.427202 0.507681 0.017756 0.064184 0.449219 0.471998 2 0.448834 0.539906 2 0.000000 0.000000 0
0 0.559482 0.484007 0.024266 0.056818 0.544355 0.447357 2 0.573173 0.542840 2 0.000000 0.000000 0
0 0.823153 0.470854 0.036695 0.036827 0.778100 0.468638 2 0.836708 0.518388 2 0.000000 0.000000 0
0 0.128018 0.672348 0.019531 0.069444 0.149320 0.615367 2 0.156140 0.717919 2 0.000000 0.000000 0
0 0.345230 0.672875 0.017164 0.062079 0.346522 0.642249 2 0.345951 0.720853 2 0.000000 0.000000 0
0 0.431345 0.724958 0.040246 0.033670 0.403856 0.692652 2 0.462588 0.718897 2 0.000000 0.000000 0
0 0.660097 0.678662 0.033736 0.058923 0.647681 0.640009 2 0.679908 0.693466 2 0.000000 0.000000 0
0 0.787346 0.640257 0.034920 0.047348 0.747228 0.642249 2 0.808099 0.665102 2 0.000000 0.000000 0
0 0.885890 0.665509 0.037879 0.038931 0.834173 0.640009 2 0.907888 0.693772 2 0.000000 0.000000 0
