0 0.138968 0.484533 0.014205 0.057870 0.161920 0.447357 2 0.153730 0.545923 2 0.000000 0.000000 0
0 0.307055 0.504524 0.034328 0.049453 0.298009 0.448477 2 0.350302 0.543683 2 0.000000 0.000000 0
0 0.426314 0.510838 0.017164 0.064184 0.450479 0.473118 2 0.447959 0.542563 2 0.000000 0.000000 0
0 0.559186 0.485059 0.026042 0.061027 0.545615 0.451837 2 0.575227 0.542563 2 0.000000 0.000000 0
0 0.823745 0.471380 0.039062 0.033670 0.778730 0.469758 2 0.839214 0.519041 2 0.000000 0.000000 0
0 0.092211 0.669192 0.020123 0.071549 0.120338 0.616487 2 0.112147 0.717294 2 0.000000 0.000000 0
0 0.347597 0.675505 0.019531 0.063131 0.345892 0.643369 2 0.346522 0.721774 2 0.000000 0.000000 0
0 0.431345 0.727588 0.042614 0.030513 0.403226 0.694892 2 0.461190 0.722894 2 0.000000 0.000000 0
0 0.660985 0.681818 0.031960 0.058923 0.648311 0.643369 2 0.680444 0.692652 2 0.000000 0.000000 0
0 0.787346 0.641309 0.032552 0.045244 0.748488 0.643369 2 0.793809 0.669056 2 0.000000 0.000000 0
0 0.886186 0.668140 0.037287 0.039983 0.834803 0.643369 2 0.911408 0.693554 2 0.000000 0.000000 0
