0 0.132161 0.501368 0.017164 0.062079 0.155620 0.461918 2 0.149988 0.558862 2 0.000000 0.000000 0
0 0.500296 0.522412 0.024266 0.064184 0.500252 0.487679 2 0.514571 0.558862 2 0.000000 0.000000 0
0 0.586411 0.506103 0.026042 0.056818 0.582157 0.486559 2 0.599516 0.558862 2 0.000000 0.000000 0
0 0.797408 0.510838 0.037287 0.059975 0.759829 0.463038 2 0.807850 0.554453 2 0.000000 0.000000 0
0 0.085109 0.686553 0.020123 0.068392 0.113407 0.634409 2 0.105345 0.741843 2 0.000000 0.000000 0
0 0.240175 0.683396 0.029593 0.062079 0.243826 0.633289 2 0.280816 0.738536 2 0.000000 0.000000 0
0 0.340495 0.692866 0.018348 0.062079 0.342112 0.659050 2 0.339720 0.740741 2 0.000000 0.000000 0
0 0.425130 0.746528 0.042022 0.032618 0.399446 0.708333 2 0.457527 0.739638 2 0.000000 0.000000 0
0 0.579013 0.689184 0.027817 0.065236 0.572707 0.660170 2 0.589596 0.737434 2 0.000000 0.000000 0
0 0.689098 0.679188 0.025450 0.074705 0.672253 0.633289 2 0.691282 0.737434 2 0.000000 0.000000 0
0 0.765743 0.678136 0.029593 0.059975 0.743448 0.633289 2 0.778708 0.738536 2 0.000000 0.000000 0
