0 0.157019 0.365109 0.026634 0.048401 0.166331 0.336470 2 0.189345 0.403067 2 0.000000 0.000000 0
0 0.352924 0.361427 0.025450 0.051557 0.353453 0.329749 2 0.377062 0.397280 2 0.000000 0.000000 0
0 0.494377 0.348801 0.032552 0.026305 0.471270 0.348790 2 0.524631 0.346161 2 0.000000 0.000000 0
0 0.663056 0.350905 0.034920 0.045244 0.644531 0.320789 2 0.689019 0.385706 2 0.000000 0.000000 0
0 0.786458 0.327757 0.030777 0.053662 0.748488 0.296147 2 0.796984 0.383777 2 0.000000 0.000000 0
0 0.199041 0.522412 0.033736 0.049453 0.195943 0.495520 2 0.237088 0.541956 2 0.000000 0.000000 0
0 0.341087 0.500316 0.029001 0.062079 0.335181 0.466398 2 0.361871 0.562211 2 0.000000 0.000000 0
0 0.442294 0.487689 0.037287 0.043140 0.418347 0.464158 2 0.473090 0.508198 2 0.000000 0.000000 0
0 0.629321 0.488742 0.030185 0.047348 0.622480 0.457437 2 0.653754 0.502411 2 0.000000 0.000000 0
0 0.769590 0.501894 0.036103 0.048401 0.723286 0.478719 2 0.782878 0.549672 2 0.000000 0.000000 0
0 0.851562 0.476115 0.035511 0.026305 0.803301 0.474238 2 0.866428 0.477334 2 0.000000 0.000000 0
