0 0.142815 0.358796 0.013613 0.061027 0.166961 0.324149 2 0.161272 0.414683 2 0.000000 0.000000 0
0 0.268880 0.337226 0.019531 0.059975 0.270287 0.319668 2 0.284040 0.408730 2 0.000000 0.000000 0
0 0.507694 0.355114 0.037879 0.024200 0.484501 0.354391 2 0.539621 0.350198 2 0.000000 0.000000 0
0 0.612157 0.356166 0.032552 0.047348 0.590978 0.327509 2 0.633929 0.391865 2 0.000000 0.000000 0
0 0.799183 0.329861 0.032552 0.057870 0.762349 0.297267 2 0.807478 0.386905 2 0.000000 0.000000 0
0 0.178918 0.514520 0.030185 0.052609 0.185232 0.482079 2 0.209821 0.552579 2 0.000000 0.000000 0
0 0.317708 0.534512 0.033144 0.056818 0.308720 0.501120 2 0.348214 0.570437 2 0.000000 0.000000 0
0 0.446437 0.505577 0.029001 0.053662 0.442918 0.495520 2 0.475446 0.542659 2 0.000000 0.000000 0
0 0.576645 0.506629 0.034920 0.051557 0.555696 0.463038 2 0.600446 0.532738 2 0.000000 0.000000 0
0 0.784387 0.502420 0.038471 0.051557 0.735257 0.477599 2 0.797991 0.551587 2 0.000000 0.000000 0
0 0.867247 0.478746 0.037287 0.027357 0.819052 0.478719 2 0.881138 0.479167 2 0.000000 0.000000 0
