0 0.125947 0.348274 0.033144 0.048401 0.137979 0.327509 2 0.172433 0.394841 2 0.000000 0.000000 0
0 0.265625 0.320391 0.016572 0.059975 0.270917 0.301747 2 0.280692 0.392857 2 0.000000 0.000000 0
0 0.374231 0.353009 0.033736 0.047348 0.349672 0.327509 2 0.402344 0.391865 2 0.000000 0.000000 0
0 0.502959 0.346696 0.036695 0.030513 0.481981 0.343190 2 0.536830 0.345238 2 0.000000 0.000000 0
0 0.608014 0.350905 0.031368 0.045244 0.587828 0.320789 2 0.631138 0.386905 2 0.000000 0.000000 0
0 0.797112 0.329861 0.029593 0.055766 0.762349 0.296147 2 0.805804 0.384921 2 0.000000 0.000000 0
0 0.174183 0.495055 0.031368 0.057870 0.180822 0.464158 2 0.204241 0.532738 2 0.000000 0.000000 0
0 0.294922 0.511890 0.033736 0.045244 0.277218 0.463038 2 0.330357 0.530754 2 0.000000 0.000000 0
0 0.572798 0.497159 0.029593 0.049453 0.550655 0.456317 2 0.595982 0.527778 2 0.000000 0.000000 0
0 0.781132 0.503472 0.036695 0.049453 0.730847 0.478719 2 0.791853 0.548611 2 0.000000 0.000000 0
0 0.863104 0.480324 0.037287 0.026305 0.814642 0.479839 2 0.876674 0.480159 2 0.000000 0.000000 0
