0 0.107304 0.436658 0.020715 0.063131 0.134199 0.390233 2 0.126674 0.502976 2 0.000000 0.000000 0
0 0.322739 0.349327 0.024266 0.056818 0.312500 0.316308 2 0.348772 0.405754 2 0.000000 0.000000 0
0 0.539358 0.367740 0.037287 0.024200 0.510963 0.355511 2 0.564732 0.375992 2 0.000000 0.000000 0
0 0.657434 0.333018 0.036695 0.045244 0.628780 0.307348 2 0.686384 0.372024 2 0.000000 0.000000 0
0 0.781428 0.360901 0.031368 0.048401 0.749118 0.321909 2 0.809710 0.388889 2 0.000000 0.000000 0
0 0.176847 0.510311 0.028409 0.050505 0.182712 0.477599 2 0.205915 0.550595 2 0.000000 0.000000 0
0 0.296993 0.525042 0.034328 0.039983 0.278478 0.475358 2 0.331473 0.543651 2 0.000000 0.000000 0
0 0.443478 0.508733 0.033736 0.043140 0.430948 0.495520 2 0.472656 0.538690 2 0.000000 0.000000 0
0 0.544981 0.557660 0.036695 0.029461 0.500882 0.541443 2 0.571429 0.536706 2 0.000000 0.000000 0
0 0.682292 0.535038 0.040246 0.038931 0.652092 0.487679 2 0.697545 0.560516 2 0.000000 0.000000 0
0 0.863400 0.483481 0.036695 0.026305 0.815902 0.482079 2 0.881696 0.483135 2 0.000000 0.000000 0
