0 0.215613 0.364583 0.029001 0.045244 0.211064 0.328629 2 0.246817 0.420096 2 0.000000 0.000000 0
0 0.311198 0.359848 0.024858 0.056818 0.315650 0.348790 2 0.340856 0.417524 2 0.000000 0.000000 0
0 0.432232 0.441919 0.024266 0.058923 0.437878 0.411514 2 0.449846 0.499829 2 0.000000 0.000000 0
0 0.544093 0.341961 0.030185 0.048401 0.516003 0.342070 2 0.556424 0.384088 2 0.000000 0.000000 0
0 0.675781 0.351431 0.031960 0.052609 0.648311 0.335349 2 0.692419 0.399520 2 0.000000 0.000000 0
0 0.268288 0.544508 0.030185 0.055766 0.270917 0.512321 2 0.296007 0.582990 2 0.000000 0.000000 0
0 0.333393 0.530303 0.030185 0.052609 0.325731 0.485439 2 0.365934 0.581276 2 0.000000 0.000000 0
0 0.537287 0.566077 0.040246 0.025253 0.492692 0.550403 2 0.562211 0.546125 2 0.000000 0.000000 0
0 0.675189 0.540299 0.039062 0.041035 0.643901 0.495520 2 0.689525 0.565844 2 0.000000 0.000000 0
0 0.856889 0.488215 0.037879 0.029461 0.810232 0.488799 2 0.872231 0.490331 2 0.000000 0.000000 0
