0 0.107599 0.409827 0.017756 0.062079 0.127268 0.371192 2 0.118408 0.485894 2 0.000000 0.000000 0
0 0.487571 0.323548 0.030777 0.049453 0.461190 0.320789 2 0.499878 0.362196 2 0.000000 0.000000 0
0 0.674302 0.355640 0.032552 0.050505 0.646421 0.337590 2 0.691528 0.403429 2 0.000000 0.000000 0
0 0.791489 0.351957 0.040838 0.047348 0.754158 0.335349 2 0.799561 0.401259 2 0.000000 0.000000 0
0 0.188980 0.517151 0.033736 0.045244 0.187122 0.485439 2 0.223389 0.557509 2 0.000000 0.000000 0
0 0.304688 0.547138 0.035511 0.042088 0.282258 0.505600 2 0.349121 0.552083 2 0.000000 0.000000 0
0 0.443182 0.518203 0.035511 0.041035 0.419607 0.501120 2 0.476074 0.548828 2 0.000000 0.000000 0
0 0.583748 0.471380 0.037287 0.039983 0.558216 0.476478 2 0.603027 0.519531 2 0.000000 0.000000 0
0 0.695608 0.535038 0.034920 0.036827 0.670363 0.521281 2 0.727539 0.544488 2 0.000000 0.000000 0
0 0.854226 0.496107 0.036103 0.032618 0.807082 0.493280 2 0.874023 0.492405 2 0.000000 0.000000 0
