0 0.159979 0.379314 0.036103 0.034722 0.158140 0.353271 2 0.206069 0.397343 2 0.000000 0.000000 0
0 0.303800 0.349853 0.036103 0.026305 0.290449 0.348790 2 0.344203 0.373188 2 0.000000 0.000000 0
0 0.469519 0.326705 0.034920 0.045244 0.449849 0.327509 2 0.490962 0.370983 2 0.000000 0.000000 0
0 0.677261 0.327231 0.034920 0.035774 0.648942 0.345430 2 0.695863 0.342332 2 0.000000 0.000000 0
0 0.797408 0.367214 0.034920 0.031566 0.757939 0.366711 2 0.814151 0.391236 2 0.000000 0.000000 0
0 0.306759 0.578704 0.039654 0.031566 0.281628 0.562724 2 0.350902 0.583920 2 0.000000 0.000000 0
0 0.339311 0.503998 0.042022 0.033670 0.311240 0.512321 2 0.381162 0.510563 2 0.000000 0.000000 0
0 0.469519 0.526094 0.032552 0.048401 0.449219 0.510081 2 0.491747 0.557512 2 0.000000 0.000000 0
0 0.616596 0.505577 0.040246 0.041035 0.573967 0.482079 2 0.630942 0.531103 2 0.000000 0.000000 0
0 0.708333 0.538721 0.041430 0.029461 0.673513 0.553763 2 0.729423 0.551643 2 0.000000 0.000000 0
