0 0.109079 0.421402 0.020715 0.064184 0.124118 0.391353 2 0.131382 0.485133 2 0.000000 0.000000 0
0 0.191051 0.440341 0.018939 0.062079 0.217364 0.411514 2 0.211708 0.506651 2 0.000000 0.000000 0
0 0.481061 0.318813 0.034328 0.037879 0.459929 0.318548 2 0.501100 0.362872 2 0.000000 0.000000 0
0 0.686731 0.319339 0.034920 0.030513 0.659652 0.337590 2 0.700814 0.338419 2 0.000000 0.000000 0
0 0.806286 0.358796 0.038471 0.031566 0.768019 0.356631 2 0.824054 0.381455 2 0.000000 0.000000 0
0 0.320076 0.568708 0.041430 0.030513 0.292339 0.551523 2 0.360255 0.575117 2 0.000000 0.000000 0
0 0.349964 0.498211 0.039654 0.026305 0.321951 0.503360 2 0.390515 0.501761 2 0.000000 0.000000 0
0 0.481652 0.516098 0.031960 0.051557 0.459929 0.501120 2 0.503301 0.546753 2 0.000000 0.000000 0
0 0.628433 0.495581 0.034328 0.035774 0.583417 0.473118 2 0.641395 0.520344 2 0.000000 0.000000 0
0 0.719875 0.531355 0.040838 0.023148 0.685484 0.543683 2 0.740977 0.544797 2 0.000000 0.000000 0
