0 0.109967 0.411932 0.018939 0.062079 0.126638 0.381272 2 0.133583 0.473396 2 0.000000 0.000000 0
0 0.193419 0.429819 0.016572 0.064184 0.221144 0.402554 2 0.213358 0.495892 2 0.000000 0.000000 0
0 0.441702 0.412458 0.020715 0.067340 0.435988 0.376792 2 0.448283 0.471440 2 0.000000 0.000000 0
0 0.566584 0.345118 0.039654 0.039983 0.529234 0.335349 2 0.581976 0.378521 2 0.000000 0.000000 0
0 0.690578 0.316183 0.031960 0.030513 0.660912 0.334229 2 0.702465 0.336463 2 0.000000 0.000000 0
0 0.808357 0.359322 0.035511 0.032618 0.769279 0.357751 2 0.824604 0.377543 2 0.000000 0.000000 0
0 0.321851 0.561343 0.037879 0.030513 0.294859 0.543683 2 0.363556 0.567293 2 0.000000 0.000000 0
0 0.350852 0.488215 0.036695 0.033670 0.323841 0.495520 2 0.393816 0.494914 2 0.000000 0.000000 0
0 0.478989 0.513994 0.030185 0.049453 0.461820 0.492159 2 0.504952 0.540884 2 0.000000 0.000000 0
0 0.720170 0.527146 0.039062 0.025253 0.684854 0.540323 2 0.742628 0.541862 2 0.000000 0.000000 0
