0 0.044994 0.587770 0.031105 0.055298 0.075738 0.542117 2 0.070674 0.617991 2 0.000000 0.000000 0
0 0.101056 0.616705 0.036169 0.038580 0.085865 0.592271 2 0.129991 0.597415 2 0.000000 0.000000 0
0 0.728588 0.324781 0.035446 0.033436 0.692057 0.345358 2 0.734013 0.350502 2 0.000000 0.000000 0
0 0.877604 0.409015 0.032552 0.050154 0.848307 0.372364 2 0.891399 0.426854 2 0.000000 0.000000 0
0 0.875434 0.592914 0.036892 0.034722 0.829499 0.575553 2 0.890987 0.598701 2 0.000000 0.000000 0
0 0.152416 0.364005 0.036169 0.150463 0.129991 0.274627 2 0.180628 0.446952 2 0.000000 0.000000 0
0 0.481192 0.625064 0.103443 0.147891 0.422960 0.545975 2 0.541594 0.706726 2 0.000000 0.000000 0
0 0.637080 0.596129 0.283565 0.090021 0.480107 0.545975 2 0.786097 0.598701 2 0.000000 0.000000 0
0 0.672164 0.481674 0.394242 0.200617 0.467086 0.368506 2 0.875796 0.530543 2 0.000000 0.000000 0
0 0.042462 0.448238 0.024595 0.074588 0.072121 0.364648 2 0.062717 0.517683 2 0.000000 0.000000 0
0 0.280093 0.412230 0.041233 0.030864 0.253689 0.419946 2 0.326751 0.419946 2 0.000000 0.000000 0
0 0.383898 0.370435 0.036169 0.029578 0.352792 0.369792 2 0.414280 0.372364 2 0.000000 0.000000 0
0 0.551722 0.373650 0.036169 0.033436 0.524957 0.347930 2 0.579933 0.368506 2 0.000000 0.000000 0
0 0.763672 0.409658 0.034722 0.038580 0.722439 0.398084 2 0.782480 0.396798 2 0.000000 0.000000 0
0 0.140119 0.538259 0.078125 0.064300 0.136502 0.536973 2 0.206670 0.542117 2 0.000000 0.000000 0
0 0.264183 0.552422 0.040509 0.061728 0.307943 0.520255 2 0.306496 0.563979 2 0.303602 0.620563 2
0 0.391493 0.637924 0.029659 0.060442 0.378834 0.597415 2 0.406322 0.700296 2 0.000000 0.000000 0
0 0.182798 0.342142 0.054977 0.073302 0.196542 0.392940 2 0.226201 0.398084 2 0.000000 0.000000 0
0 0.405961 0.476530 0.036892 0.048868 0.394748 0.449524 2 0.452619 0.439236 2 0.000000 0.000000 0
