0 0.047526 0.467528 0.021701 0.072016 0.044633 0.441808 2 0.063492 0.540785 2 0.000000 0.000000 0
0 0.255859 0.376865 0.040509 0.029578 0.232711 0.367220 2 0.281901 0.362076 2 0.000000 0.000000 0
0 0.282263 0.438593 0.041233 0.034722 0.252242 0.434092 2 0.326027 0.435378 2 0.000000 0.000000 0
0 0.352431 0.475887 0.026765 0.065586 0.352069 0.434092 2 0.366639 0.533910 2 0.000000 0.000000 0
0 0.552083 0.383295 0.039786 0.037294 0.523510 0.354360 2 0.581380 0.376222 2 0.000000 0.000000 0
0 0.762948 0.407729 0.036169 0.042438 0.721716 0.400656 2 0.785373 0.400656 2 0.000000 0.000000 0
0 0.044994 0.616705 0.031105 0.064300 0.075014 0.570409 2 0.071398 0.642425 2 0.000000 0.000000 0
0 0.102503 0.643068 0.037616 0.045010 0.088035 0.617991 2 0.131465 0.620005 2 0.000000 0.000000 0
0 0.726780 0.324781 0.033275 0.041152 0.690611 0.353074 2 0.734013 0.347930 2 0.000000 0.000000 0
0 0.878689 0.401299 0.036169 0.057870 0.000000 0.000000 0 0.891710 0.423804 2 0.000000 0.000000 0
0 0.877966 0.588413 0.037616 0.038580 0.833840 0.575553 2 0.893880 0.601273 2 0.000000 0.000000 0
0 0.070312 0.417374 0.065828 0.074588 0.113354 0.365934 2 0.122758 0.439236 2 0.000000 0.000000 0
0 0.361473 0.694509 0.034722 0.060442 0.351345 0.638567 2 0.409939 0.635995 2 0.000000 0.000000 0
0 0.141565 0.569123 0.076678 0.072016 0.128545 0.571695 2 0.208840 0.562693 2 0.000000 0.000000 0
0 0.265263 0.571695 0.039062 0.056584 0.306496 0.539545 2 0.308666 0.585841 2 0.307219 0.638567 2
0 0.152778 0.383938 0.039786 0.141461 0.127924 0.297555 2 0.181149 0.466902 2 0.000000 0.000000 0
0 0.673973 0.489390 0.397859 0.200617 0.425854 0.556263 2 0.544071 0.713268 2 0.000000 0.000000 0
0 0.637804 0.597415 0.290799 0.087449 0.466363 0.382652 2 0.787543 0.596129 2 0.000000 0.000000 0
