0 0.204861 0.318351 0.033999 0.038580 0.191479 0.390368 2 0.235605 0.367220 2 0.000000 0.000000 0
0 0.398003 0.599987 0.020978 0.051440 0.386791 0.566551 2 0.384621 0.643711 2 0.000000 0.000000 0
0 0.490958 0.432806 0.033275 0.041152 0.459852 0.440522 2 0.503255 0.467528 2 0.000000 0.000000 0
0 0.887008 0.614776 0.035446 0.039866 0.838903 0.601273 2 0.900391 0.626181 2 0.000000 0.000000 0
0 0.911241 0.398084 0.033275 0.056584 0.868562 0.374936 2 0.874349 0.449524 2 0.000000 0.000000 0
0 0.155671 0.605774 0.088976 0.065586 0.211010 0.565265 2 0.209479 0.644841 2 0.000000 0.000000 0
0 0.063802 0.514468 0.070168 0.068158 0.116247 0.462384 2 0.111907 0.562693 2 0.000000 0.000000 0
0 0.561487 0.382652 0.029659 0.061728 0.574146 0.395512 2 0.574870 0.467528 2 0.000000 0.000000 0
0 0.053313 0.452096 0.020255 0.056584 0.078631 0.387796 2 0.054036 0.499678 2 0.000000 0.000000 0
0 0.261646 0.461098 0.024595 0.072016 0.276837 0.390368 2 0.271774 0.540831 2 0.000000 0.000000 0
0 0.314815 0.457883 0.019531 0.070730 0.335431 0.390368 2 0.328921 0.543403 2 0.000000 0.000000 0
0 0.650463 0.498392 0.036892 0.054012 0.617549 0.449524 2 0.677590 0.544689 2 0.000000 0.000000 0
0 0.718822 0.361433 0.041956 0.034722 0.673249 0.418660 2 0.731120 0.396798 2 0.000000 0.000000 0
0 0.821181 0.560764 0.041233 0.029578 0.778139 0.549833 2 0.841797 0.554977 2 0.000000 0.000000 0
0 0.159288 0.380080 0.039786 0.151749 0.137948 0.292631 2 0.188585 0.464956 2 0.000000 0.000000 0
0 0.487341 0.649498 0.105613 0.153035 0.431641 0.567837 2 0.548105 0.729874 2 0.000000 0.000000 0
0 0.638889 0.614133 0.291522 0.056584 0.472873 0.594843 2 0.796947 0.625707 2 0.000000 0.000000 0
0 0.624421 0.318994 0.274161 0.057870 0.474320 0.300347 2 0.769459 0.302919 2 0.000000 0.000000 0
0 0.432726 0.326067 0.029659 0.054012 0.404876 0.390368 2 0.432364 0.394226 2 0.459129 0.392940 2
0 0.314091 0.671361 0.036892 0.068158 0.283348 0.617991 2 0.327253 0.619382 2 0.357856 0.620563 2
